C7H15NO2S            CHEMBL100140                             
0 0 0.828402 0.818249 0 0 0.816337 0 0 0 0 0 0 0 0 0 0.822439 0 0 0 0 0 0.828402 0 0 0 0 0 0 0 0 0 0 0.818249 0 0 0 0 0 0 0 0 0 0 0 0 0 0 0 0 0 0.828138 0 0 0 0 0.822439 0 0 0 0 0 0.821679 0.816337 0 0 0.816337 0 0 0 0 0 0 0 0 0.830942 0 0 0 0 0 0.828138 0.821679 0 0 0 0 0 0 0 0 0 0 0.816337 0 0 0 0 0.833252 0 0 0 0 0 0 0.830942 0 0 0 0.816337 0 0 0 0 0 0 0 0 0.833252 0.816337 0 
C9H8N2               CHEMBL100194         Quinolin-5-ylamine  
0 0 0.829034 0.8375 0 0.821783 0 0 0 0 0 0 0 0 0.817556 0 0 0 0.841906 0 0 0 0.829034 0 0 0 0.833341 0 0 0 0.842518 0 0 0.8375 0.817556 0 0 0 0 0 0 0 0.824844 0 0 0 0.833341 0 0 0 0 0 0 0 0 0.821783 0 0 0 0 0 0 0 0 0 0.846136 0 0 0 0 0 0 0 0 0.8125 0.838271 0 0 0.841906 0 0 0 0 0 0 0 0 0.8125 0 0 0.842518 0 0 0 0.8125 0 0 0 0 0 0 0 0.824844 0 0 0.838271 0 0 0 0 0 0 0 0 0 0.846136 0 0.8125 0 0 0 
C4H10NO3S2.Na        CHEMBL100575                             
0 0.885385 0.882743 0.8875 0.879097 0 0 0 0 0 0 0.885385 0 0 0 0 0 0 0 0 0 0 0.882743 0 0 0 0 0 0 0 0 0 0 0.8875 0 0 0 0 0 0 0 0 0 0 0.879097 0 0 0 0 0.886306 0 0 0 0 0 0 0 0 0 0.886306 0 0 0 0 0.879097 0 0 0 0 0 0 0 0 0 0 0 0.879097 0 0 0 0 0 0 0 0 0 0.8875 0 0 0 0 0 0 0 0 0 0 0 0 0 0 0 0 0 0.879097 0 0.8875 0 0 0.879098 0 0 0 0 0 0 0.879097 0 0 0.879098 0 
C9H13NO              CHEMBL100635         2-(2-Methoxyphenyl)Ethylamine
0 0.827601 0 0 0 0.820972 0 0 0 0 0 0.827601 0 0.823841 0 0 0 0 0 0 0 0 0 0.823841 0 0.829721 0 0 0 0 0 0 0 0 0 0.829721 0 0.831107 0 0 0 0 0.824849 0 0 0 0 0.831107 0 0.826345 0.824966 0 0 0 0 0.820972 0 0 0 0.826345 0 0 0 0 0 0 0 0 0 0 0.824966 0 0 0.82493 0 0 0 0 0 0 0 0 0 0.82493 0 0.825017 0 0 0 0 0 0 0 0 0 0.825017 0 0 0 0 0 0 0.824849 0 0 0 0 0 0 0.8249 0 0 0 0 0 0 0 0 0 0.8249 0 
C9H10O2              CHEMBL100768         4-Ethyl-Benzoic     
0 0.825 0.823294 0 0 0.823294 0 0 0 0 0 0.825 0 0 0.830487 0.827484 0 0 0 0 0 0 0.823294 0 0 0 0 0 0 0 0 0 0 0 0.830487 0 0 0 0 0.8333 0 0 0 0 0 0.827484 0 0 0 0 0 0.825 0 0 0 0.823294 0 0 0 0 0 0 0 0 0 0 0 0 0 0.8333 0 0 0 0 0.830487 0 0 0 0 0 0 0.825 0 0 0 0.823294 0 0 0 0 0 0 0 0 0.830487 0.823294 0 0.825 0 0 0 0 0 0 0 0 0 0.825 0 0.823294 0 0 0 0 0 0 0 0 0 0.823294 0 
C8H12N2O             CHEMBL10096                              
0 0.831038 0.823987 0 0 0.826608 0 0 0 0 0 0.831038 0 0 0.825852 0 0 0 0 0 0 0 0.823987 0 0 0 0.830349 0 0 0 0 0 0 0 0.825852 0 0 0.826608 0 0 0 0 0 0 0 0 0.830349 0.826608 0 0 0 0 0.831038 0 0 0.826608 0 0 0 0 0 0.828591 0 0 0.816771 0 0 0 0 0 0 0.828591 0 0.827742 0 0 0 0 0 0 0 0 0 0.827742 0 0 0 0.829532 0 0 0 0 0.831038 0 0 0 0 0 0 0 0 0 0 0 0.816771 0 0 0 0 0.825852 0 0 0 0 0 0 0 0.829532 0 0.825852 0 
C9H13NO              CHEMBL101036         2-(4-Methoxyphenyl)Ethylamine
0 0.825 0 0 0 0 0 0 0 0 0 0.825 0 0.825025 0 0 0 0 0 0 0 0 0 0.825025 0 0.825 0 0 0 0 0 0 0 0 0 0.825 0 0.824939 0 0 0 0 0 0.825025 0 0 0 0.824939 0 0.825 0 0 0 0 0 0 0 0 0 0.825 0 0.824939 0 0 0 0 0 0 0 0 0 0.824939 0 0.825 0 0.825025 0 0 0 0 0 0 0 0.825 0 0.824939 0 0 0 0 0 0 0 0 0 0.824939 0 0 0 0 0 0 0 0 0 0.825025 0 0 0 0.825 0 0 0 0.825025 0 0 0 0 0 0.825 0 
C8H9NO2              CHEMBL101043                             
0 0.823294 0.825 0.823294 0 0 0 0 0 0 0 0.823294 0 0 0 0.840387 0.812596 0 0 0 0 0 0.825 0 0 0 0 0 0 0 0 0 0 0.823294 0 0 0 0 0 0.825406 0.8125 0 0 0 0 0.840387 0 0 0 0 0 0 0 0 0 0 0.812596 0 0 0 0 0 0 0 0 0 0 0 0 0.825406 0 0 0 0 0 0.823294 0 0 0 0 0.8125 0 0 0 0 0.827483 0 0 0 0 0 0 0 0 0 0.827483 0 0 0.823294 0 0 0 0 0 0 0.823294 0 0 0 0.825 0 0 0 0 0 0 0 0 0.823294 0.825 0 
C7H4FNO2             CHEMBL101266                             
0 0.829234 0.821049 0 0 0 0.825042 0 0 0 0 0.829234 0 0 0.830098 0 0 0 0 0 0 0 0.821049 0 0 0 0.82623 0 0 0 0 0 0 0 0.830098 0 0 0.825042 0.823294 0 0 0 0 0 0 0 0.82623 0.825042 0 0 0 0.834641 0 0 0 0 0 0 0.823294 0 0 0 0 0.827483 0 0 0.825042 0 0 0 0 0 0 0 0 0 0 0 0 0 0 0.834641 0 0 0 0 0.823294 0 0 0 0 0 0 0.827483 0 0 0 0.825 0.823294 0 0 0 0 0 0 0 0.823294 0.825 0 0 0 0 0 0 0 0 0 0 0.823294 0 0 
C5H9N5S              CHEMBL101339                             
0 0.830098 0 0.812511 0.835633 0 0 0 0 0 0 0.830098 0 0.828407 0 0 0 0 0.82623 0 0 0 0 0.828407 0 0 0 0.822535 0 0 0 0 0 0.812511 0 0 0 0 0.827511 0 0 0 0 0 0.835633 0 0 0 0 0 0.829231 0 0.835965 0 0 0 0 0.822535 0.827511 0 0 0 0 0 0.82623 0 0 0 0 0 0.829231 0 0 0 0 0 0 0 0.82623 0 0 0 0 0 0 0 0 0 0 0 0 0 0.835965 0 0 0 0 0 0.830942 0 0 0 0 0 0.82623 0 0 0 0 0 0 0 0 0 0 0 0 0 0.830942 0 0 
C8H7NO2              CHEMBL101439                             
0 0.829234 0.821049 0 0 0.825042 0 0 0 0 0 0.829234 0 0 0.830098 0 0 0 0 0 0 0 0.821049 0 0 0 0.82623 0 0 0 0 0 0 0 0.830098 0 0 0.825042 0 0.823294 0 0 0 0 0 0 0.82623 0.825042 0 0 0 0.834641 0 0 0 0.825042 0 0 0 0 0 0 0 0 0 0 0 0 0 0.823294 0 0 0 0 0.827483 0 0 0 0 0 0 0.834641 0 0 0 0 0.823294 0 0 0 0 0 0 0 0.827483 0 0 0.825 0.823294 0 0 0 0 0 0 0 0.823294 0.825 0 0 0 0 0 0 0 0 0 0 0.823294 0 0 
C7H7Cl2NO            CHEMBL10145                              
0 0 0.830487 0 0.8292 0 0 0 0 0.827483 0 0 0 0.823294 0.8292 0 0 0.821197 0 0 0 0 0.830487 0.823294 0 0 0 0 0 0.825 0 0 0 0 0.8292 0 0 0 0.823294 0 0 0 0 0 0.8292 0 0 0 0 0.830487 0 0 0 0 0 0 0 0 0.823294 0.830487 0 0 0 0.825 0 0 0 0.821197 0 0 0 0 0 0 0 0 0 0 0 0.825 0 0 0 0 0 0 0 0 0 0 0 0 0 0.825 0 0 0 0 0 0.827483 0 0 0 0 0 0 0 0 0 0.826931 0 0 0 0 0 0 0 0 0 0.826931 0 
C8H7IO2              CHEMBL101577         4-Iodomethyl-Benzoic
0 0.825 0.823294 0 0 0.823294 0 0 0 0 0 0.825 0 0 0.830487 0.827484 0 0 0 0 0 0 0.823294 0 0 0 0 0 0 0 0 0 0 0 0.830487 0 0 0 0 0.8333 0 0 0 0 0 0.827484 0 0 0 0 0 0.825 0 0 0 0.823294 0 0 0 0 0 0 0 0 0 0 0 0 0 0.8333 0 0 0 0 0.830487 0 0 0 0 0 0 0.825 0 0 0 0.823294 0 0 0 0 0 0 0 0 0.830487 0.823294 0 0 0.825 0 0 0 0 0 0 0 0 0 0 0.825003 0 0 0 0 0 0 0 0 0.825 0.825003 0 
C8H5NO2              CHEMBL101772         4-Cyano-Benzoic     
0 0.827401 0 0 0 0.822925 0 0 0 0 0 0.827401 0 0.825436 0 0 0 0 0 0 0 0 0 0.825436 0 0.827069 0 0 0 0 0 0.821005 0 0 0 0.827069 0 0.830504 0 0 0 0 0 0 0 0 0 0.830504 0 0.82416 0 0 0 0 0 0.822925 0 0 0 0.82416 0 0.825005 0 0 0 0 0 0 0 0 0 0.825005 0 0.82504 0.824968 0 0 0 0 0 0 0 0 0.82504 0 0 0 0 0 0 0 0 0 0 0.824968 0 0 0 0 0 0 0.821005 0 0 0 0 0 0 0 0.825 0 0 0 0 0 0 0 0 0 0.825 0 
C8H7ClO2             CHEMBL101844         4-Chloromethyl-Benzoic
0 0.827399 0 0 0 0.822789 0 0 0 0 0 0.827399 0 0.825486 0 0 0 0 0 0 0 0 0 0.825486 0 0.827207 0 0 0 0 0 0.825001 0 0 0 0.827207 0 0.830505 0 0 0 0 0 0 0 0 0 0.830505 0 0.824112 0 0 0 0 0 0.822789 0 0 0 0.824112 0 0.825004 0 0 0 0 0 0 0 0 0 0.825004 0 0.825003 0.825017 0 0 0 0 0 0 0 0 0.825003 0 0 0 0 0 0 0 0 0 0 0.825017 0 0 0 0 0 0 0.825001 0 0 0 0 0 0 0 0.824925 0 0 0 0 0 0 0 0 0 0.824925 0 
C8H7BrO2             CHEMBL101846         4-Bromomethyl-Benzoic
0 0.825 0.823294 0 0 0.823294 0 0 0 0 0 0.825 0 0 0.830487 0.827484 0 0 0 0 0 0 0.823294 0 0 0 0 0 0 0 0 0 0 0 0.830487 0 0 0 0 0.8333 0 0 0 0 0 0.827484 0 0 0 0 0 0.825 0 0 0 0.823294 0 0 0 0 0 0 0 0 0 0 0 0 0 0.8333 0 0 0 0 0.830487 0 0 0 0 0 0 0.825 0 0 0 0.823294 0 0 0 0 0 0 0 0 0.830487 0.823294 0 0 0.825 0 0 0 0 0 0 0 0 0 0 0.825003 0 0 0 0 0 0 0 0 0.825 0.825003 0 
C5H9N5S              CHEMBL102464                             
0 0.830098 0 0.835633 0.812511 0 0 0 0 0 0 0.830098 0 0.828407 0 0 0 0 0.839415 0 0 0 0 0.828407 0 0 0 0.822535 0 0 0 0 0 0.835633 0 0 0 0 0 0.829231 0 0.835965 0 0 0.812511 0 0 0 0 0.827511 0 0 0 0 0 0 0 0.822535 0 0.827511 0 0 0 0 0 0 0 0 0 0.829231 0 0 0 0 0 0 0 0 0.839415 0 0 0 0 0 0 0 0.825406 0 0 0 0 0.835965 0 0 0 0 0 0 0.830942 0 0 0 0 0 0 0 0.825406 0 0 0 0 0 0 0 0 0 0 0 0.830942 0 0 
C6H14FO3P            CHEMBL1025           Floropryl           
0 0.825025 0.825025 0.825025 0.825025 0 0 0 0 0 0 0.825025 0 0 0 0 0 0 0 0 0 0 0.825025 0 0 0 0 0 0 0 0.824939 0 0 0.825025 0 0 0 0 0 0 0 0 0 0 0.825025 0 0 0 0 0.824939 0 0 0 0 0 0 0 0 0 0.824939 0 0.825025 0.825 0 0 0 0 0 0 0 0 0.825025 0 0 0 0 0 0 0 0 0 0 0.825 0 0 0 0 0 0 0 0.824939 0 0 0 0 0 0 0.825025 0.825 0 0 0 0 0 0 0 0 0.825025 0 0 0 0 0 0 0 0 0 0 0.825 0 0 
C9H20NO              CHEMBL102781                             
0 0.82501 0 0 0.812596 0.833394 0.816711 0 0 0 0 0.82501 0 0.829627 0 0 0 0 0.830487 0 0 0 0 0.829627 0 0.829034 0 0 0 0 0.825094 0 0 0 0 0.829034 0 0 0 0 0 0 0 0 0.812596 0 0 0 0 0 0 0 0 0 0 0.833394 0 0 0 0 0 0 0 0 0 0 0.816711 0 0 0 0 0 0 0 0 0 0 0 0.830487 0 0 0 0 0 0 0 0.825094 0 0 0 0.825094 0 0 0 0 0 0 0 0.823294 0 0 0 0 0 0 0 0.825094 0 0 0.836766 0 0 0 0 0 0 0 0 0.823294 0.836766 0 
C6H6N4S              CHEMBL102790                             
0 0.60208 0.593105 0 0 0 0 0.6 0 0 0 0.60208 0 0 0 0.601539 0 0 0 0 0.600807 0 0.593105 0 0 0.61053 0 0.594982 0 0 0 0 0 0 0 0.61053 0 0 0 0.60176 0 0 0 0 0 0.601539 0 0 0 0 0.604799 0 0 0 0.607626 0 0 0.594982 0 0 0 0 0 0.605008 0 0 0 0 0 0.60176 0.604799 0 0 0 0 0 0 0.6 0 0 0 0 0 0 0 0.596913 0 0 0 0 0 0 0 0.605008 0 0.596913 0 0 0 0 0.600807 0 0 0 0 0 0 0 0 0 0 0 0 0 0.607626 0 0 0 0 0 0 
C7H9N3S              CHEMBL102857                             
0 0.829234 0.822138 0 0.830098 0 0 0 0 0 0 0.829234 0 0 0.826271 0 0.825451 0 0 0 0 0 0.822138 0 0 0 0 0 0 0.828767 0 0 0 0 0.826271 0 0 0 0 0 0 0 0 0 0.830098 0 0 0 0 0 0.815624 0 0.826329 0 0 0 0.825451 0 0 0 0 0 0 0 0.821049 0 0 0 0 0 0.815624 0 0 0 0 0 0 0 0 0.828767 0 0 0 0 0 0 0 0.830098 0 0 0 0 0.826329 0 0 0 0 0 0.831133 0 0 0 0 0 0.821049 0 0 0 0 0 0 0 0 0 0 0 0 0.830098 0.831133 0 0 
C7H9N3S              CHEMBL102910                             
0 0.829234 0.830098 0 0 0 0 0.822138 0 0 0 0.829234 0 0 0 0.826271 0.825451 0 0 0 0 0 0.830098 0 0 0.826329 0 0 0.815624 0 0 0 0 0 0 0.826329 0 0 0 0 0 0.831133 0 0 0 0.826271 0 0 0 0 0 0 0 0 0 0 0.825451 0 0 0 0 0 0 0 0.821049 0 0 0 0.815624 0 0 0 0 0 0 0 0 0.822138 0 0 0 0 0 0 0 0 0 0.828767 0 0 0 0.831133 0 0 0 0 0 0 0.830098 0 0 0 0 0 0.821049 0 0 0 0 0 0 0 0 0 0 0 0 0.828767 0.830098 0 0 
C8H7BrO2             CHEMBL102952                             
0 0.825 0.821197 0 0 0 0 0 0 0 0.823294 0.825 0 0 0.830487 0.823294 0 0 0 0 0 0 0.821197 0 0 0 0 0 0 0 0 0 0 0 0.830487 0 0 0 0 0 0.8292 0 0 0 0 0.823294 0 0 0 0 0.8292 0 0 0 0 0 0 0 0 0 0 0.823294 0.830487 0 0.825 0 0 0 0 0 0.8292 0.823294 0 0 0 0 0 0 0 0 0.8292 0 0.830487 0 0 0 0 0 0 0 0 0 0 0 0 0 0 0 0.825 0 0 0 0 0 0.825 0 0 0 0 0 0.823294 0 0 0 0 0 0 0 0.825 0 0 
C6H13O4P             CHEMBL103253                             
0 0.823293 0.834135 0 0.825 0.823293 0 0 0 0 0 0.823293 0 0 0 0 0 0.825095 0 0 0 0 0.834135 0 0 0 0 0 0 0 0 0 0 0 0 0 0 0 0 0.825095 0 0 0 0 0.825 0 0 0 0 0 0 0 0.834135 0 0 0.823293 0 0 0 0 0 0 0.825 0 0 0 0 0.825095 0 0.825095 0 0 0 0 0 0 0 0 0 0 0 0 0.825 0 0 0 0.823294 0 0 0 0 0 0.834135 0 0 0 0 0 0.823293 0 0 0 0 0 0 0 0.823294 0 0 0 0 0 0 0 0 0 0 0 0.823293 0 0 
C5H14NO3PS           CHEMBL103306                             
0 0.874821 0.883883 0.894688 0.882743 0 0 0 0 0 0 0.874821 0 0 0 0 0 0 0 0 0 0 0.883883 0 0 0 0 0 0 0 0 0 0 0.894688 0 0 0 0 0 0 0 0 0 0 0.882743 0 0 0 0 0 0 0.879097 0 0 0 0 0 0 0 0 0 0 0 0 0.879097 0 0 0 0 0 0 0 0 0 0.8875 0 0 0 0 0 0 0.879097 0 0 0 0 0 0.886306 0 0 0 0 0 0 0.8875 0 0 0.879098 0.879098 0 0 0 0 0 0.879097 0 0 0.879098 0 0 0 0 0 0 0 0 0 0.886306 0.879098 0 0 
C8H10N2O             CHEMBL103320                             
0 0.823293 0 0 0.826932 0 0 0 0 0 0 0.823293 0 0.826396 0 0 0 0 0 0 0 0 0 0.826396 0 0.825406 0 0 0 0 0 0 0 0 0 0.825406 0 0 0 0.825 0.823294 0 0 0 0.826932 0 0 0 0 0 0 0 0 0 0 0 0 0 0 0 0 0 0 0.823294 0.825 0.826931 0 0 0 0.825 0 0 0 0 0.823294 0 0 0 0 0 0.823294 0 0 0 0 0 0.823294 0 0 0 0 0 0 0.823294 0.823294 0 0 0 0 0 0 0 0 0 0.825 0 0.823294 0 0 0 0 0 0 0 0 0.826931 0 0 0 0 0 
C8H10N2O             CHEMBL10351                              
0 0 0 0 0 0.825095 0.825011 0 0 0 0 0 0 0 0 0 0 0 0.82251 0.830487 0 0 0 0 0 0.839736 0.826996 0 0 0 0 0 0 0 0 0.839736 0 0 0.825011 0.825095 0 0 0 0 0 0 0.826996 0 0 0 0 0.8125 0 0.823294 0 0.825095 0 0 0.825011 0 0 0 0 0 0 0 0.825011 0 0 0.825095 0 0 0 0 0 0 0 0 0.82251 0 0 0.8125 0 0 0 0 0 0 0 0.830487 0 0 0 0 0 0 0 0 0.825 0 0 0 0 0.823294 0 0 0 0 0 0.823294 0 0 0 0 0 0 0 0 0.825 0.823294 0 
C8H10N2O             CHEMBL103651                             
0 0.823293 0 0 0 0.826932 0 0 0 0 0 0.823293 0 0 0.826396 0 0 0 0 0 0 0 0 0 0 0.825406 0.825 0 0.823294 0 0 0 0 0 0.826396 0.825406 0 0 0 0 0 0 0 0 0 0 0.825 0 0 0 0 0.830487 0.823294 0 0 0.826932 0 0 0 0 0 0 0 0 0 0 0 0 0.823294 0 0 0 0 0 0 0 0.823294 0 0 0 0 0.830487 0 0 0 0 0 0 0 0 0 0 0.823294 0 0 0 0 0.823294 0 0 0 0 0 0 0 0 0 0.823294 0 0.825 0 0 0 0 0 0 0.823294 0 0 0.825 0 
C5H5N5S              CHEMBL103823                             
0 0.60208 0.593105 0 0 0 0 0.6 0 0 0 0.60208 0 0 0 0.601539 0 0 0 0 0.600807 0 0.593105 0 0 0.61053 0 0.594982 0 0 0 0 0 0 0 0.61053 0 0 0 0.60176 0 0 0 0 0 0.601539 0 0 0 0 0.604799 0 0 0 0.607626 0 0 0.594982 0 0 0 0 0 0.605008 0 0 0 0 0 0.60176 0.604799 0 0 0 0 0 0 0.6 0 0 0 0 0 0 0 0.596913 0 0 0 0 0 0 0 0.605008 0 0.596913 0 0 0 0 0.600807 0 0 0 0 0 0 0 0 0 0 0 0 0 0.607626 0 0 0 0 0 0 
C9H22N2              CHEMBL103880                             
0 0 0.834641 0.827483 0 0 0 0 0 0 0 0 0 0 0 0.823294 0 0 0 0 0 0 0.834641 0 0 0 0 0 0 0 0 0 0.8167 0.827483 0 0 0 0 0.827483 0 0 0 0 0 0 0.823294 0 0 0 0 0.827483 0 0 0 0 0 0 0 0.827483 0 0 0 0 0 0.827483 0 0 0 0 0 0.827483 0 0 0 0.827484 0 0 0 0 0 0 0 0 0 0 0.827483 0.827483 0 0 0 0 0 0 0 0.827484 0.827483 0 0 0 0 0 0 0 0 0.827483 0 0.827483 0 0 0 0 0 0.8167 0 0 0 0 0 0 0 0 
C7H18N4              CHEMBL103897                             
0 0.823293 0.823294 0.825 0 0 0 0 0 0 0 0.823293 0 0 0 0 0 0 0 0 0 0 0.823294 0 0 0 0 0.823294 0 0 0 0 0 0.825 0 0 0 0 0 0 0 0 0 0 0 0 0 0 0 0 0.823294 0 0 0 0 0 0 0.823294 0 0 0 0 0.823294 0 0 0 0 0 0 0 0.823294 0 0 0 0.823294 0 0 0 0 0 0 0 0.823294 0 0 0 0 0.823294 0 0 0 0 0 0 0.823294 0 0 0.823294 0 0 0 0 0 0 0 0 0 0.823294 0 0.823293 0 0 0 0 0 0 0 0.823294 0 0.823293 0 
C9H15NO              CHEMBL104154                             
0 0.823294 0 0.825 0.830487 0 0 0 0 0 0 0.823294 0 0 0 0 0.825 0 0 0 0 0 0 0 0 0 0 0.830487 0 0.824844 0.825011 0 0 0.825 0 0 0 0 0 0.823294 0 0 0.827484 0 0.830487 0 0 0 0 0 0 0.829211 0 0 0 0 0.825 0.830487 0 0 0 0 0 0 0 0 0 0 0 0.823294 0 0 0 0 0 0 0 0 0 0.824844 0 0.829211 0 0 0 0 0 0 0 0 0.825011 0 0 0 0 0 0 0 0.823294 0 0 0 0.827484 0 0 0 0 0 0 0 0 0 0 0 0 0 0 0 0.823294 0 0 
C9H20NO              CHEMBL104207                             
0 0.821049 0 0 0.82748 0.82748 0.826655 0 0 0 0 0.821049 0 0.829627 0 0 0 0 0.828874 0 0 0 0 0.829627 0 0.826271 0 0 0 0 0.822534 0 0 0 0 0.826271 0 0 0 0 0 0 0 0 0.82748 0 0 0 0 0 0 0 0 0 0 0.82748 0 0 0 0 0 0 0 0 0 0 0.826655 0 0 0 0 0 0 0 0 0 0 0 0.828874 0 0 0 0 0 0 0 0.82748 0 0 0 0.822534 0 0 0 0 0 0 0 0.819068 0 0 0 0 0 0 0 0.82748 0 0 0.818631 0 0 0 0 0 0 0 0 0.819068 0.818631 0 
C6H13NO4             CHEMBL10437                              
0 0 0 1.6415 1.49666 0 0 0 0 0 0 0 0 1.3754 1.20801 0 0 0.834135 0 0 0 0 0 1.3754 0 0 1.19906 0.796683 0 0 0 0 0 1.6415 1.20801 0 0 0 0 0 0 0.945796 0 0 1.49666 0 1.19906 0 0 0 0 0.705448 0 0 0 0 0 0.796683 0 0 0 0 0 0 0 0 0 0.834135 0 0 0 0 0 0 0 0 0 0 0 0 0 0.705448 0 0 0 0 0.825042 0 0 0 0 0.945796 0 0 0 0 0 0 0.825 0 0 0 0 0 0 0 0.825042 0 0 0 0 0 0 0 0 0 0 0 0.825 0 0 
C8H17N2O             CHEMBL104462                             
0 0 0 0 0.819167 0.819167 0 0 0 0.823294 0.827741 0 0 0.825 0.823294 0 0 0 0 0.823294 0 0 0 0.825 0 0 0 0 0.823294 0.823294 0 0 0 0 0.823294 0 0 0 0 0 0 0 0 0 0.819167 0 0 0 0 0 0.8333 0 0 0 0 0.819167 0 0 0 0 0 0 0.8333 0 0 0 0 0 0.823294 0 0.8333 0 0 0 0 0 0 0 0 0.823294 0 0 0.8333 0 0 0 0 0 0 0.823294 0 0 0 0 0 0 0 0 0 0.823294 0 0 0 0 0 0 0 0 0 0 0.827741 0 0 0 0 0 0 0 0 0 0 
C6H9N3O2             CHEMBL104875         D-Histamine         
0 0.824938 0 0 0 0 0 0 0 0 0 0.824938 0 0.825 0 0.825025 0 0 0 0 0 0 0 0.825 0 0.824938 0 0 0 0 0 0 0.825025 0 0 0.824938 0 0 0 0 0 0 0 0 0 0.825025 0 0 0 0.825 0 0 0 0 0 0 0 0 0 0.825 0 0.825036 0.824955 0 0 0 0 0 0 0 0 0.825036 0 0 0.825093 0 0 0 0 0 0 0 0.824955 0 0 0 0.825062 0 0 0 0 0 0 0 0.825093 0 0 0.825 0 0 0 0 0 0 0 0 0.825062 0.825 0 0 0 0 0.825025 0 0 0 0 0 0 0 0 
C7H16N4              CHEMBL104907                             
0 0 0.825 0 0 0.823294 0 0.823294 0 0 0 0 0 0 0.825 0.823294 0 0.823294 0 0 0 0 0.825 0 0 0 0 0 0 0 0 0 0 0 0.825 0 0 0 0 0 0 0 0 0 0 0.823294 0 0 0 0 0 0 0 0 0 0.823294 0 0 0 0 0 0 0 0 0 0 0 0.823294 0 0 0 0 0 0 0 0.823294 0 0.823294 0 0 0 0 0 0 0 0.830487 0 0 0 0 0 0 0 0 0 0.830487 0 0 0.823294 0 0 0 0 0 0 0.823294 0 0 0 0.826931 0 0 0 0 0 0 0 0 0.823294 0.826931 0 
C8H6ClFO             CHEMBL105037                             
0 0.825042 0.823294 0 0 0 0 0 0 0 0.830487 0.825042 0 0 0.826931 0.823294 0 0 0 0 0 0 0.823294 0 0 0 0 0 0 0 0 0 0 0 0.826931 0 0 0 0 0 0.825 0 0 0 0 0.823294 0 0 0 0 0.825 0 0 0 0 0 0 0 0 0 0 0.823294 0.826931 0.825 0 0 0 0 0 0 0.825 0.823294 0 0 0 0 0 0 0 0 0.825 0 0.826931 0 0 0 0 0 0 0 0 0 0 0.825 0 0 0 0 0 0 0 0 0 0 0 0 0 0 0 0.825042 0.830487 0 0 0 0 0 0 0 0 0.825042 0 
C6H4Cl3NO            CHEMBL10513                              
0 0.8292 0.830487 0 0 0 0.827483 0 0 0 0 0.8292 0 0 0.830487 0 0 0 0.826931 0 0 0 0.830487 0 0 0 0.823294 0 0 0 0.825 0 0 0 0.830487 0 0 0 0.823294 0 0 0 0 0.825 0 0 0.823294 0 0 0.8292 0 0 0 0.821197 0 0 0 0 0.823294 0.8292 0 0 0 0 0 0 0.827483 0 0 0 0 0 0 0 0 0 0 0 0.826931 0 0 0 0 0 0 0 0 0 0 0 0.825 0 0 0 0 0 0 0 0 0 0 0 0 0.821197 0 0 0 0 0 0 0 0 0 0.825 0 0 0 0 0 0 0 
C8H13NO2             CHEMBL105414                             
0 0.711179 0 0.825 0.718389 0 0 0 0 0 0 0.711179 0 0 0 0 0.725 0 0 0 0 0 0 0 0 0.830487 0 0 0.825 0 0 0 0 0.825 0 0.830487 0 0 0 0 0 0 0 0 0.718389 0 0 0 0 0 0 0.725 0 0 0 0 0.725 0 0 0 0 0 1.2417 0 0 0 0 0 0.825 0 0 0 0 0 0 0 0 0 0 0 0 0.725 1.2417 0 0 0 0.827886 0 0 0 0 0 0 0 0 0 0 0.819723 0.827886 0 0 0 0 0 0 0 0.827886 0.819723 0 0 0 0 0 0 0 0 0 0 0.827886 0 0 
C8H18NO2             CHEMBL105457         (+)-Cis-Dioxolane   
0 0 0.829234 0 0.822534 0 0 0 0 0 0 0 0 0 0 0.818323 0 0.825 0 0 0 0 0.829234 0 0 0 0 0.82878 0.820897 0 0 0 0 0 0 0 0 0 0.822652 0 0.828779 0.821296 0.831159 0 0.822534 0.818323 0 0 0 0 0 0 0 0 0.828779 0 0 0.82878 0.822652 0 0 0 0 0 0 0 0 0.825 0.820897 0 0 0 0 0 0 0 0 0 0 0 0.828779 0 0 0 0 0 0 0 0 0 0 0.821296 0 0 0 0 0 0 0 0 0 0 0.831159 0 0 0 0 0 0 0 0 0 0 0 0.828779 0 0 0 0 0 0 
C9H13NO              CHEMBL105545                             
0 0.816121 0 0 0 0 0.825 0 0 0 0 0.816121 0 0 0 0.825 0 0 0 0.823294 0 0 0 0 0 0 0.830487 0 0 0.825 0 0 0 0 0 0 0 0 0.825 0.830487 0 0 0 0 0 0.825 0.830487 0 0 0 0 0 0 0 0 0 0 0 0.825 0 0 0 0 0 0 0 0.825 0 0 0.830487 0 0 0 0 0 0 0.816121 0 0 0.825 0 0 0 0 0 0 0 0 0 0.823294 0 0 0 0 0 0 0 0.825 0 0 0 0 0 0 0 0 0 0.825 0 0.823294 0 0 0 0 0 0 0.816121 0 0 0.823294 0 
C7H16N3O             CHEMBL105626                             
0 0.825 0 0.830488 0 0 0 0 0.823293 0 0 0.825 0 0 0 0.823294 0.816121 0 0 0 0 0 0 0 0 0 0 0 0.816121 0.823294 0 0.823294 0.827741 0.830488 0 0 0 0 0 0 0 0 0 0 0 0.823294 0 0 0 0 0 0.825 0 0 0 0 0.816121 0 0 0 0 0.825 0 0 0 0 0 0 0.816121 0 0 0.825 0 0 0 0 0 0 0 0.823294 0 0.825 0 0 0 0 0 0 0.823293 0 0 0 0 0 0 0 0 0 0 0 0 0.823294 0 0 0 0 0 0 0 0 0 0 0.827741 0 0 0 0 0 0 0 0 
C8H17NO2             CHEMBL1059           PD-144723           
0 0.825025 0.825025 0.825 0 0 0 0 0 0 0 0.825025 0 0 0 0.825 0 0 0 0 0 0 0.825025 0 0 0 0 0 0 0 0 0 0 0.825 0 0 0 0 0 0 0 0 0 0 0 0.825 0 0 0 0.824939 0.825025 0 0 0 0 0 0 0 0 0.824939 0 0 0 0.825 0 0 0 0 0 0 0.825025 0 0 0.825 0 0 0 0 0 0 0 0 0 0.825 0 0 0.823773 0.82758 0 0 0 0 0 0.825 0 0 0 0 0 0 0 0 0 0 0 0 0.823773 0 0 0 0 0 0 0 0 0 0 0.82758 0 0 0 
C6H5BrN2O2           CHEMBL106285                             
0 0.825 0 0 0.823293 0.823294 0 0 0 0 0 0.825 0 0.825406 0 0 0 0 0.825406 0 0 0 0 0.825406 0 0.825 0 0 0 0 0 0 0 0 0 0.825 0 0 0 0.821197 0 0 0.823294 0 0.823293 0 0 0 0 0 0 0 0 0 0 0.823294 0 0 0 0 0 0 0 0 0 0 0 0 0 0.821197 0 0 0 0 0.821197 0 0.825 0 0.825406 0 0 0 0 0 0 0.825 0 0 0 0 0 0 0 0 0.821197 0.825 0 0 0 0 0 0 0.823294 0 0 0 0 0 0 0 0 0 0 0 0 0 0.825 0 0 0 0 
C8H13NO2             CHEMBL106469                             
0 0 0.709602 0.825 0.720419 0 0 0 0 0 0 0 0 0 0.834135 0 0.825 0 0 0 0 0 0.709602 0 0 0 0 0 0.725 0 0 0 0 0.825 0.834135 0 0 0 0 0 0 0 0 0 0.720419 0 0 0 0 0 0 0 0.720419 0.725 0 0 0.825 0 0 0 0 0 0 0 0 0 0 0 0.725 0 0 0 0 0 0 1.2375 0 0 0 0 0 0 0 0 0 0.722517 0 0.718389 0 0 0 0 0.720419 0 0 0.722517 0 0 0 0 0 0 0 0.725 0 1.2375 0 0 0 0 0 0 0 0 0 0 0 0.718389 0 0 0 
C8H9NO2              CHEMBL106641                             
0 0.593849 0.601027 0 0 0 0 0.6 0 0 0 0.593849 0 0 0.600015 0 0 0 0 0 0.60467 0 0.601027 0 0 0 0 0.593353 0 0 0 0 0 0 0.600015 0 0 0 0 0 0 0 0 0 0 0 0 0 0 0.601026 0.597477 0 0 0 0 0 0 0.593353 0 0.601026 0 0 0 0 0 0.608357 0 0 0 0 0.597477 0 0 0 0 0 0 0.6 0 0 0 0 0 0 0 0.60467 0 0 0 0 0 0 0 0 0 0.60467 0 0 0.601027 0 0.60467 0 0 0 0 0 0 0 0 0 0 0 0 0 0 0.608357 0 0 0.601027 0 0 
C8H10N2O             CHEMBL106823                             
0 0.830487 0.825 0 0 0 0 0 0 0 0 0.830487 0 0 0 0 0 0 0 0 0 0 0.825 0 0 0.830487 0 0.823294 0 0 0 0 0 0 0 0.830487 0 0.8333 0 0 0 0 0 0 0 0 0 0.8333 0 0 0.826396 0.819166 0 0 0 0 0 0.823294 0 0 0 0 0 0 0 0 0 0 0 0 0.826396 0 0 0 0.8333 0 0 0 0 0 0 0.819166 0 0 0 0 0.825 0 0 0 0 0 0 0 0.8333 0 0 0 0.830487 0 0 0 0 0 0 0 0.825 0 0 0.827483 0 0 0 0 0 0 0 0 0.830487 0.827483 0 
C6H5IN2O2            CHEMBL107093                             
0 0.825 0 0 0.823293 0.823294 0 0 0 0 0 0.825 0 0.825406 0 0 0 0 0.825406 0 0 0 0 0.825406 0 0.825 0 0 0 0 0 0 0 0 0 0.825 0 0 0 0.821197 0 0 0.823294 0 0.823293 0 0 0 0 0 0 0 0 0 0 0.823294 0 0 0 0 0 0 0 0 0 0 0 0 0 0.821197 0 0 0 0 0.821197 0 0.825 0 0.825406 0 0 0 0 0 0 0.825 0 0 0 0 0 0 0 0 0.821197 0.825 0 0 0 0 0 0 0.823294 0 0 0 0 0 0 0 0 0 0 0 0 0 0.825 0 0 0 0 
C5H5F3O3             CHEMBL107187                             
0 0.828032 0 0 0 0 0.7526 0.863361 0.858655 0 0 0.828032 0 0.825379 0 0.827647 0 0 0 0 0 0 0 0.825379 0 0.824219 0 0 0 0 0 0 0 0 0 0.824219 0 0 0.820134 0 0 0 0.825379 0 0 0.827647 0 0 0 0 0 0 0 0 0 0 0 0 0.820134 0 0 0 0 0 0 0 0.7526 0 0 0 0 0 0 0 0 0 0 0.863361 0 0 0 0 0 0 0 0 0 0 0.858655 0 0 0 0 0 0 0 0 0 0 0 0 0 0.825379 0 0 0 0 0 0 0.827647 0 0 0 0 0 0 0 0 0 0.827647 0 
C7H7NO3              CHEMBL107610                             
0 0.601026 0 0.597477 0 0.600015 0 0 0 0 0 0.601026 0 0.6083 0 0 0 0 0.604669 0 0 0 0 0.6083 0 0 0.600595 0 0 0 0 0 0 0.597477 0 0 0 0 0 0 0 0 0 0 0 0 0.600595 0 0 0 0.593353 0 0 0 0.600015 0.600015 0 0 0 0 0 0 0 0 0 0 0 0 0 0 0.593353 0 0 0 0.6083 0.601026 0 0 0.604669 0 0 0 0 0 0 0.597477 0 0 0 0 0 0 0 0 0.6083 0.597477 0 0 0 0 0 0 0 0 0 0.601026 0 0 0 0 0 0 0 0 0.600015 0 0 0 0 0 0 
C4H10N4O3            CHEMBL107833                             
0 0 0 0.825 0.823294 0 0 0.823294 0 0 0 0 0 0.825 0 0 0 0.823294 0 0 0.823294 0 0 0.825 0 0 0 0.823294 0 0 0.823294 0 0 0.825 0 0 0 0 0 0 0 0 0 0.823294 0.823294 0 0 0 0 0.826931 0 0 0 0 0 0 0 0.823294 0 0.826931 0 0 0 0 0 0 0 0.823294 0 0 0 0 0 0 0 0 0 0.823294 0 0 0 0 0 0 0 0 0 0 0 0 0.823294 0 0 0 0 0 0 0 0 0 0.823294 0 0 0 0 0 0 0 0 0 0 0 0 0.823294 0 0 0 0 0 0 0 
C5H11N3O3            CHEMBL107834         4-{[(Z)-Amino(Hydroxyimino)Methyl]Amino}Butanoic
0 0.825 0 0 0.823294 0.830487 0 0 0 0 0 0.825 0 0 0 0 0 0.823294 0 0 0 0 0 0 0 0.823294 0 0 0 0.823294 0.825 0 0 0 0 0.823294 0 0 0 0 0 0 0 0 0.823294 0 0 0 0 0 0 0 0 0.823294 0 0.830487 0 0 0 0 0 0 0 0 0 0 0 0.823294 0 0 0 0 0 0 0 0 0 0 0 0.823294 0 0 0 0 0 0 0 0 0 0 0.825 0 0 0 0 0 0 0 0.823294 0 0 0 0 0.823294 0 0 0 0 0 0.826931 0 0 0 0 0 0 0 0 0.823294 0.826931 0 
C8H8N2O              CHEMBL107894                             
0 0.825 0 0 0 0 0 0 0 0 0 0.825 0 0 0 0 0.825 0 0 0 0 0 0 0 0 0.823293 0.825 0 0 0.823294 0 0 0 0 0 0.823293 0 0 0 0.823294 0 0 0.825 0 0 0 0.825 0 0 0.823293 0 0 0 0 0 0 0.825 0 0 0.823293 0 0 0 0.823294 0 0 0 0 0 0.823294 0 0 0 0 0.825 0 0 0 0 0.823294 0 0 0 0 0 0 0 0 0 0 0 0 0 0.823294 0.825 0 0 0 0 0 0 0 0.825 0 0 0 0 0 0 0.823293 0 0 0 0 0 0 0 0 0 0.823293 0 
C6H12FNO3            CHEMBL108023                             
0 0.830487 0 0.825 0 0 0 0.823294 0 0 0 0.830487 0 0 0 0.834135 0 0.833311 0 0 0 0 0 0 0 0.830487 0 0.834135 0 0 0 0 0 0.825 0 0.830487 0 0 0 0 0 0 0.823294 0 0 0.834135 0 0 0 0.825 0 0 0.823294 0 0 0 0 0.834135 0 0.825 0 0 0 0 0 0 0 0.833311 0 0 0 0 0 0 0 0 0 0.823294 0 0 0 0 0 0 0 0 0 0 0 0 0 0 0.823294 0 0 0 0 0 0 0 0 0 0.823294 0 0 0 0 0 0 0.825 0 0 0 0 0 0 0 0 0 0.825 0 
C8H13NO2             CHEMBL108277                             
0 0.827484 0 0.825 0.827484 0 0 0 0 0 0 0.827484 0 0 0 0 0.825 0 0 0 0 0 0 0 0 0.823294 0 0 0.825 0 0 0 0 0.825 0 0.823294 0 0 0 0 0 0 0 0 0.827484 0 0 0 0 0 0 0 0.825 0 0 0 0.825 0 0 0 0 0 0.819167 0 0 0 0 0 0.825 0 0 0 0 0 0 0 0 0 0 0 0 0 0.819167 0 0 0.819167 0.825 0 0 0 0 0 0.825 0 0 0.819167 0 0 0 0 0 0 0 0 0 0 0.825 0 0 0.823294 0 0 0 0 0 0 0 0 0 0.823294 0 
C9H18O2              CHEMBL108436         Nonanoic            
0 0.591299 0.6 0.593848 0 0 0 0 0 0 0 0.591299 0 0 0 0 0 0 0 0 0 0 0.6 0 0 0 0 0 0 0 0 0 0 0.593848 0 0 0 0.601026 0 0 0 0 0 0 0 0 0 0.601026 0 0 0 0 0 0.597477 0 0 0 0 0 0 0 0.601026 0 0 0 0.597477 0 0 0 0 0 0.601026 0 0.593353 0 0 0 0 0 0 0 0 0 0.593353 0 0.601026 0 0 0 0 0 0 0 0 0 0.601026 0 0.591738 0 0 0 0 0 0.597477 0 0 0 0.591738 0 0 0 0 0 0 0 0.597477 0 0 0 0 0 
C8H8O3               CHEMBL108545         Rhodiaflor          
0 0.822562 0 0 0 0 0 0 0.825022 0.824154 0 0.822562 0 0.826219 0 0 0 0 0.825024 0 0 0 0 0.826219 0 0.825003 0.828242 0 0 0 0 0 0 0 0 0.825003 0 0 0 0 0 0 0 0 0 0 0.828242 0 0 0.825003 0 0 0 0 0 0 0 0 0 0.825003 0 0.824154 0 0 0 0 0 0 0 0 0 0.824154 0 0.822562 0 0 0 0 0.825024 0 0 0 0 0.822562 0 0 0 0 0.825022 0 0 0 0 0 0 0 0 0 0 0.824154 0 0 0 0 0 0 0 0 0 0.824902 0 0 0 0 0 0 0 0 0 0.824902 0 
C10H14O              CHEMBL108850         4-Isobutyl-Phenol   
0 0 0.6 0.597477 0.601026 0 0 0 0 0 0 0 0 0 0 0 0.601687 0.601026 0.600015 0 0 0 0.6 0 0 0 0 0 0 0 0.601026 0 0 0.597477 0 0 0 0 0.6 0 0 0 0 0 0.601026 0 0 0 0 0 0.6083 0 0 0 0 0 0.601687 0 0.6 0 0 0 0 0 0 0 0 0.601026 0 0 0.6083 0 0 0 0 0 0 0 0.600015 0 0 0 0 0 0 0 0 0 0 0 0.601026 0 0 0 0 0 0 0.6 0.597477 0 0 0 0 0 0 0 0 0.6 0 0 0 0 0 0 0 0 0 0 0.597477 0 0 
C10H14O              CHEMBL108851         2-Tert-Butylphenol  
0 0.597477 0.601026 0 0.6083 0 0 0 0 0 0 0.597477 0 0 0 0 0.591738 0.600015 0.596392 0 0 0 0.601026 0 0 0.600015 0 0 0 0 0.601687 0 0 0 0 0.600015 0 0 0 0 0 0 0 0 0.6083 0 0 0 0 0 0 0 0 0.601026 0 0 0.591738 0 0 0 0 0 0 0 0 0 0 0.600015 0 0 0 0 0 0 0 0 0 0 0.596392 0 0 0 0 0 0 0 0 0 0 0 0.601687 0 0 0 0 0 0 0 0.6 0 0 0 0 0.601026 0 0 0 0 0 0.597477 0 0 0 0 0 0 0 0 0.6 0.597477 0 
C9H10O2              CHEMBL109034                             
0 0.827483 0.8292 0 0 0 0 0 0 0 0 0.827483 0 0 0 0 0 0 0 0 0 0.816742 0.8292 0 0 0 0.811056 0.829627 0 0 0 0 0 0 0 0 0 0 0 0.82251 0.82232 0.825169 0 0 0 0 0.811056 0 0 0 0.833675 0 0 0 0 0 0 0.829627 0 0 0 0 0.825379 0 0 0 0 0 0 0.82251 0.833675 0 0 0 0 0 0 0 0 0 0.82232 0 0.825379 0 0 0 0 0 0 0 0 0.825169 0 0 0 0 0 0 0 0 0 0 0 0 0 0 0 0 0 0.827484 0 0.816742 0 0 0 0 0 0 0 0.827484 0 
C6H4O5               CHEMBL109448                             
0 0.825 0.826931 0 0.819167 0 0 0 0 0 0 0.825 0 0 0.827483 0 0 0 0 0 0.827483 0 0.826931 0 0 0 0 0 0 0.823294 0 0 0.825 0 0.827483 0 0 0 0.82387 0 0 0.825042 0 0 0.819167 0 0 0 0 0 0.815516 0 0 0 0 0 0 0 0.82387 0 0 0.825 0 0 0 0 0 0 0 0 0.815516 0.825 0 0 0 0 0 0 0 0.823294 0 0 0 0 0 0 0 0 0 0 0 0.825042 0 0 0 0 0 0 0 0 0.827483 0 0 0 0 0 0 0 0 0 0 0 0.825 0 0 0 0 0 0 0 0 
C8H10O3              CHEMBL109652         2,6-Dimethoxy-Phenol
0 0.825025 0 0 0 0 0 0 0 0 0 0.825025 0 0.825 0 0 0 0 0 0.825025 0 0 0 0.825 0 0.825025 0 0.825025 0 0 0 0 0 0 0 0.825025 0 0.825 0 0 0 0 0 0 0 0 0 0.825 0 0 0 0 0 0 0 0 0 0.825025 0 0 0 0.824938 0 0 0 0 0 0 0 0 0 0.824938 0 0.825 0 0 0 0 0 0 0 0 0 0.825 0 0.824938 0 0 0 0.825025 0 0 0 0 0 0.824938 0 0.825 0 0 0 0 0 0 0 0 0 0.825 0 0.824938 0 0 0 0 0 0 0 0 0 0.824938 0 
C7H13N3S             CHEMBL109708                             
0 0.710057 0 0.7063 0 0 0 0 0 0 0 0.710057 0 0.703272 0 0 0.708412 0 0 0 0 0 0 0.703272 0 0 0.7063 0 0 0 0 0 0 0.7063 0 0 0 0.7 0 0.712529 0 0 0 0 0 0 0.7063 0.7 0 0 0 0 0 0 0 0 0.708412 0 0 0 0 0 0 0 0 0 0 0 0 0.712529 0 0 0 0 0.712412 0 0 0 0 0 0 0 0 0 0 0.712529 0.708343 0.708319 0 0 0 0 0 0 0.712412 0.712529 0 0 0 0 0 0 0 0 0 0 0.708343 0 0 0 0 0 0 0 0 0 0 0.708319 0 0 0 
C10H23N              CHEMBL109819         Decylamine          
0 0.823294 0 0 0 0 0 0 0 0 0 0.823294 0 0.830487 0 0 0 0 0 0 0 0 0 0.830487 0 0 0 0 0.823294 0 0 0 0 0 0 0 0 0.823294 0 0 0 0 0 0.823294 0 0 0 0.823294 0 0 0 0.830487 0 0 0 0 0 0 0 0 0 0.823294 0 0 0.823294 0 0 0 0.823294 0 0 0.823294 0 0 0 0 0 0 0 0 0 0.830487 0 0 0 0.823294 0 0 0 0 0 0 0 0 0 0.823294 0 0.826931 0 0 0 0 0 0 0.823294 0 0 0.826931 0 0 0 0 0 0.823294 0 0 0 0 0 0 0 
C8H14N2O             CHEMBL109866                             
0 1.27944 0.675236 0 0 0 0 0 0 0 0.715891 1.27944 0 0 0 0 0.785646 0 0.71535 0 0 0 0.675236 0 0 0 0.855129 0 0 0 0.752804 0 0 0 0 0 0 1.275 0.738664 0.638439 0 0 0 0 0 0 0.855129 1.275 0 0 0 0 0 0 0 0 0.785646 0 0.738664 0 0 0 0 0 0 0 0 0 0 0.638439 0 0 0 0 0 0.7625 0 0 0.71535 0 0 0 0 0 0 0.717773 0 0 0 0 0.752804 0 0 0 0 0.717773 0 0 0 0 0 0 0 0 0 0.7625 0 0 0 0 0.715891 0 0 0 0 0 0 0 0 0 0 
C7H11NO3             CHEMBL1100           Paradione           
0 0.830098 0.823449 0 0 0 0 0.828779 0 0 0 0.830098 0 0 0.825 0 0.836044 0 0 0 0 0 0.823449 0 0 0 0.829234 0 0.8292 0 0 0 0 0 0.825 0 0 0.822228 0 0 0 0 0 0 0 0 0.829234 0.822228 0 0 0 0 0.827364 0.821903 0 0 0.836044 0 0 0 0 0 0 0 0 0 0 0 0.8292 0 0 0 0 0 0 0 0 0.828779 0 0 0 0 0 0 0 0 0 0 0 0 0 0 0.827364 0 0 0 0 0 0.821679 0 0 0 0 0.821903 0 0 0 0 0 0 0 0 0 0 0 0 0 0 0.821679 0 0 
C7H8N4               CHEMBL110252                             
0 0.82063 0.825379 0.829202 0 0 0 0 0 0 0 0.82063 0 0 0 0 0.821331 0 0 0 0 0 0.825379 0 0 0 0.825148 0 0.82979 0 0 0 0 0.829202 0 0 0 0 0 0 0.822344 0 0 0 0 0 0.825148 0 0 0 0 0 0.822344 0 0 0 0.821331 0 0 0 0 0 0.825379 0 0 0.825148 0 0 0.82979 0 0 0 0 0 0 0.821331 0 0 0 0 0.822344 0 0.825379 0 0 0 0 0 0 0 0 0 0.822344 0 0 0 0 0.825379 0 0 0 0 0 0 0 0.821331 0 0.825379 0 0 0 0 0 0 0 0.825148 0 0 0 0 0 
C7H7NO3              CHEMBL110594                             
0 0.61396 0 0.6083 0.606764 0 0 0 0 0 0 0.61396 0 0.6083 0 0 0 0 0.597477 0 0 0 0 0.6083 0 0 0 0.593353 0.601026 0 0 0 0 0.6083 0 0 0 0 0 0 0 0 0 0 0.606764 0 0 0 0 0 0 0 0 0 0 0 0 0.593353 0 0 0 0 0 0 0.600595 0.600015 0 0 0.601026 0 0 0 0 0 0 0 0 0 0.597477 0 0 0 0 0 0 0.604669 0 0 0 0 0 0 0 0 0 0.604669 0 0.6083 0 0 0 0 0 0 0.600595 0 0 0.6083 0 0 0 0 0 0 0 0.600015 0 0 0 0 0 
C7H9ClN2O            CHEMBL110803                             
0 0 0 0 0 0 0.826931 0.823294 0 0 0 0 0 0.826931 0.823294 0 0 0 0 0 0 0 0 0.826931 0 0 0.825406 0 0.825 0 0 0 0 0 0.823294 0 0 0 0 0 0.825 0.823294 0 0 0 0 0.825406 0 0 0 0 0 0 0 0 0 0 0 0 0 0 0 0 0 0.823294 0 0.826931 0 0.825 0 0 0 0 0 0 0 0 0.823294 0 0 0.825 0 0 0 0 0 0 0 0 0 0 0.823294 0 0 0 0 0 0 0.830487 0 0 0 0 0 0.823294 0 0 0 0 0.823294 0 0 0 0 0 0 0 0 0.830487 0.823294 0 
C8H15NO2             CHEMBL110858                             
0 0 0.825042 0.821197 0.830487 0 0 0 0 0 0 0 0 0 0 0 0 0 0.825 0.811958 0 0 0.825042 0 0 0 0 0 0 0 0 0 0 0.821197 0 0 0 0 0.825095 0 0 0 0 0 0.830487 0 0 0 0 0 0 0 0 0 0 0 0 0 0.825095 0 0 0.823294 0 0 0 0 0 0 0 0 0 0.823294 0 0 0 0.8167 0.827484 0 0.825 0 0 0 0 0 0 0 0 0.820348 0 0.811958 0 0 0 0 0 0 0 0.823294 0 0 0 0 0 0 0 0.8167 0 0.823294 0 0 0 0 0 0 0 0 0.827484 0.820348 0 0 0 
C9H10O2              CHEMBL111134         Hydroxychavicol     
0 0.827301 0 0 0 0.822925 0 0.824839 0 0 0 0.827301 0 0.825385 0 0 0 0 0 0 0 0 0 0.825385 0 0.826934 0 0 0 0 0 0 0 0 0 0.826934 0 0.830405 0 0 0 0.824946 0 0 0 0 0 0.830405 0 0.824074 0 0 0 0 0 0.822925 0 0 0 0.824074 0 0.824904 0 0 0 0 0 0 0 0 0 0.824904 0 0 0 0 0 0.824839 0 0 0 0 0 0 0 0 0 0 0 0 0 0.824946 0 0 0 0 0 0.825001 0 0 0 0 0 0 0 0 0 0.825001 0 0.824896 0 0 0 0 0 0 0 0 0 0.824896 0 
C6H12FNO3            CHEMBL111326                             
0 0.829034 0 0.825 0 0 0 0.825406 0 0 0 0.829034 0 0 0 0.83622 0 0.825 0 0 0 0 0 0 0 0.826931 0 0.834135 0 0 0 0 0 0.825 0 0.826931 0 0 0 0 0 0 0 0.823294 0 0.83622 0 0 0 0.825 0 0 0.825406 0 0 0 0 0.834135 0 0.825 0 0 0 0 0 0 0 0.825 0 0 0 0 0 0 0 0 0 0.825406 0 0 0 0 0 0 0 0 0 0 0 0 0 0 0.825406 0 0 0 0 0 0 0 0 0 0 0 0 0 0 0 0 0.825042 0 0 0 0.823294 0 0 0 0 0 0.825042 0 
C4H10F2NO3P          CHEMBL111555                             
0 0.823293 0.825 0.825 0.8208 0 0 0 0 0 0 0.823293 0 0 0 0 0.823294 0 0 0 0 0 0.825 0 0 0 0 0 0.83085 0.830851 0 0 0 0.825 0 0 0 0 0 0 0 0 0 0 0.8208 0 0 0 0 0 0 0 0 0 0 0 0.823294 0 0 0 0 0 0 0 0.825 0.823294 0 0 0.83085 0 0 0 0 0 0 0 0 0 0 0.830851 0 0 0 0 0 0 0 0 0 0 0 0 0 0 0 0 0 0 0.826931 0 0 0 0 0 0.825 0 0 0 0 0 0 0 0 0 0 0.823294 0 0 0.826931 0 0 
C3H10O6P2            CHEMBL111593                             
0 0 0.824052 0.827886 0 0.826931 0 0 0.827742 0 0 0 0 0.827886 0 0.825002 0 0.829911 0.818643 0 0 0 0.824052 0.827886 0 0 0 0 0 0 0 0.828767 0 0.827886 0 0 0 0 0 0 0 0 0 0 0 0.825002 0 0 0 0 0 0 0 0 0 0.826931 0 0 0 0 0 0 0 0 0 0 0 0.829911 0 0 0 0 0 0 0 0 0 0 0.818643 0 0 0 0 0 0 0 0 0 0.827742 0 0 0 0 0 0 0 0 0 0 0 0 0.828767 0 0 0 0 0 0 0 0.825769 0 0 0 0 0 0 0 0 0 0.825769 0 
C10H13Br             CHEMBL111762         2,6-Diethylphenylbromide
0 0.827401 0 0 0 0.822838 0 0 0.825012 0 0 0.827401 0 0.825436 0 0 0 0 0 0 0 0 0 0.825436 0 0.827157 0 0 0 0 0 0 0 0 0 0.827157 0 0.830505 0 0 0 0 0 0 0 0 0 0.830505 0 0.824161 0 0.824996 0 0 0 0.822838 0 0 0 0.824161 0 0.825003 0 0 0 0 0 0 0 0 0 0.825003 0 0 0 0 0 0 0 0 0 0.824996 0 0 0 0 0.824981 0 0.825012 0 0 0 0 0 0 0 0 0 0.824988 0 0 0 0 0 0 0 0.824981 0 0 0 0 0 0 0 0 0 0 0 0.824988 0 0 
C8H16N2O             CHEMBL111864                             
0 0.815667 0.819063 0.823294 0.819167 0 0 0 0 0 0 0.815667 0 0.813544 0 0 0 0 0 0 0 0 0.819063 0.813544 0 0 0 0 0 0 0 0 0 0.823294 0 0 0 0 0 0.830487 0 0 0 0 0.819167 0 0 0 0 0 0 0.8333 0 0 0 0 0 0 0 0 0 0.826931 0 0 0 0 0 0 0 0.830487 0 0.826931 0 0 0 0 0 0 0 0 0 0.8333 0 0 0 0 0.823294 0 0 0 0 0 0 0 0 0 0 0.8292 0.823293 0 0 0 0 0 0 0 0.823294 0.8292 0 0 0 0 0 0 0 0 0 0 0.823293 0 0 
C6H5BrN4             CHEMBL111902                             
0 0 0 0.823294 0.825 0 0 0 0 0 0 0 0 0.825 0.826931 0 0 0.826115 0 0 0 0 0 0.825 0 0 0 0.826931 0 0 0.82623 0 0 0.823294 0.826931 0 0 0 0 0 0 0 0.825042 0 0.825 0 0 0 0 0.823294 0 0 0 0 0.830487 0 0 0.826931 0 0.823294 0 0 0 0 0 0 0 0.826115 0 0 0 0 0 0.825031 0 0 0 0 0 0 0 0 0 0.825031 0 0.832635 0 0 0 0 0.82623 0 0 0 0 0.832635 0 0 0 0 0 0 0.825042 0 0 0 0 0 0 0 0 0 0 0 0.830487 0 0 0 0 0 0 
C8H9NO2              CHEMBL112            Acephen             
0 0.825025 0 0 0 0.824939 0.825 0 0 0 0 0.825025 0 0.825 0 0 0 0 0 0 0 0 0 0.825 0 0.825025 0 0 0 0 0 0 0 0 0 0.825025 0 0.824939 0 0 0 0 0.825 0 0 0 0 0.824939 0 0.825 0 0 0 0 0 0.824939 0 0 0 0.825 0 0 0 0 0 0 0.825 0 0 0 0 0 0 0.824939 0 0 0 0 0 0 0 0 0 0.824939 0 0.825 0 0.825025 0 0 0 0 0 0 0 0.825 0 0 0 0 0 0 0.825 0 0 0 0 0 0 0 0 0 0 0 0 0 0 0.825025 0 0 0 
C8H12N2O             CHEMBL112221                             
0 0.826537 0 0 0 0.821917 0 0 0 0 0 0.826537 0 0.824318 0 0 0 0 0 0 0 0 0 0.824318 0 0.818641 0 0 0 0 0 0 0 0 0 0.818641 0 0.833238 0 0 0 0 0 0 0 0 0 0.833238 0 0.825003 0.836137 0 0 0 0 0.821917 0 0 0 0.825003 0 0 0 0 0 0 0 0 0 0 0.836137 0 0 0.830617 0 0 0 0 0 0 0 0 0 0.830617 0 0.823028 0 0 0 0 0 0 0 0 0 0.823028 0 0.826588 0 0 0 0 0 0 0 0 0 0.826588 0 0.824266 0 0 0 0 0 0 0 0 0 0.824266 0 
C6H5ClN4             CHEMBL112233                             
0 0.82063 0 0 0.821331 0 0 0 0 0 0 0.82063 0 0.825379 0.829202 0 0 0 0 0 0 0 0 0.825379 0 0 0 0.825148 0 0.82979 0 0 0 0 0.829202 0 0 0 0 0.822344 0 0 0 0 0.821331 0 0 0 0 0 0.825379 0 0 0 0.825148 0 0 0.825148 0 0 0 0 0 0.822344 0 0 0 0 0 0.822344 0.825379 0 0 0 0 0 0 0 0 0.82979 0 0 0 0 0 0 0.821331 0 0 0 0 0 0 0.822344 0 0 0 0.825379 0 0 0 0 0 0 0 0 0.821331 0.825379 0 0 0 0 0 0 0.825148 0 0 0 0 0 0 
C6H17N2O2P           CHEMBL112291                             
0 0.6 0.6 0.597477 0.6 0 0 0 0 0 0 0.6 0 0 0 0 0 0 0 0 0 0 0.6 0 0 0 0 0 0 0 0 0 0 0.597477 0 0 0 0 0 0 0 0.601026 0 0 0.6 0 0 0 0 0 0 0.593848 0 0 0 0 0 0 0 0 0 0 0 0 0 0.601026 0 0 0 0 0 0 0 0 0 0.598085 0 0 0 0 0 0.593848 0 0 0 0 0.6 0 0 0 0 0.601026 0 0 0 0 0 0 0.597477 0 0 0 0 0 0 0.598085 0.6 0 0 0 0 0 0 0 0 0.601026 0 0 0.597477 0 0 
C9H11NO              CHEMBL1124           Completely          
0 0.825406 0.825011 0.819166 0 0 0 0 0 0 0 0.825406 0 0 0 0 0 0 0 0 0 0 0.825011 0 0 0 0 0.816121 0.821197 0 0 0 0 0.819166 0 0 0 0.825042 0 0 0.823294 0 0 0 0 0 0 0.825042 0 0 0 0 0 0 0 0 0 0.816121 0 0 0 0 0 0 0.8208 0 0 0 0.821197 0 0 0 0 0 0.825042 0 0 0 0 0 0.823294 0 0 0 0 0 0 0 0 0 0 0 0 0 0.825042 0 0 0 0.819167 0 0 0 0 0 0.8208 0 0 0 0 0.819166 0 0 0 0 0 0 0 0 0.819167 0.819166 0 
C5H8N2O3S            CHEMBL112403                             
0 0.583631 0.560046 0.6042 0 0 0 0 0 0 0 0.583631 0 0 0 0 0 0.748701 0.701633 0.594243 0 0 0.560046 0 0 0 0.7526 0 0 0 0 0 0 0.6042 0 0 0 0 0.561435 0 0 0 0.581737 0 0 0 0.7526 0 0 0.648195 0 0 0 0 0 0 0 0 0.561435 0.648195 0 0 0 0 0 0 0 0.748701 0 0 0 0 0 0 0 0 0 0 0.701633 0 0 0 0 0 0 0 0 0 0 0.594243 0 0 0 0 0 0 0 0 0.583631 0 0 0 0.581737 0 0 0 0 0 0 0 0 0 0 0 0 0 0 0 0.583631 0 0 
C7H7F2NO             CHEMBL112496                             
0 0.826931 0.827484 0 0 0 0 0 0.825042 0 0 0.826931 0 0 0 0.8333 0 0.823294 0 0 0 0 0.827484 0 0 0.825 0 0 0 0.823294 0 0 0 0 0 0.825 0 0 0.823294 0 0 0 0 0 0 0.8333 0 0 0 0.826931 0 0 0 0 0 0 0 0 0.823294 0.826931 0 0 0 0 0 0.825 0 0.823294 0 0 0 0 0 0 0 0 0 0 0 0.823294 0 0 0 0 0 0 0 0 0.825042 0 0 0 0 0 0 0 0 0 0 0 0 0 0 0 0 0 0 0 0 0.823294 0 0 0 0 0 0.825 0 0 0 0.823294 0 
C7H16NO2P            CHEMBL112658                             
0 0 0 0 0.604214 0.600015 0.595815 0.60467 0 0 0 0 0 0.598085 0.600058 0 0.602596 0 0 0 0 0 0 0.598085 0 0.596927 0 0 0 0 0 0 0 0 0.600058 0.596927 0 0 0 0 0 0 0 0 0.604214 0 0 0 0 0 0 0 0 0 0 0.600015 0.602596 0 0 0 0 0 0 0 0 0 0.595815 0 0 0 0 0 0 0 0 0 0 0.60467 0 0 0 0 0 0 0 0 0.597477 0 0 0 0 0 0 0 0 0 0 0 0.597477 0 0 0 0 0 0 0 0.597477 0 0 0.601026 0 0 0 0 0 0 0 0 0.597477 0.601026 0 
C7H18NO2P            CHEMBL112797         CGP-36742           
0 0.825025 0 0 0 0 0 0 0 0 0 0.825025 0 0.825025 0 0 0 0 0 0 0 0 0 0.825025 0 0.824938 0 0 0 0 0 0 0 0 0 0.824938 0 0.825025 0 0 0 0 0 0 0 0 0 0.825025 0 0.818039 0.824999 0.824957 0 0 0 0 0 0 0 0.818039 0 0 0 0 0 0 0 0 0 0 0.824999 0 0 0 0 0 0 0 0 0 0 0.824957 0 0 0 0.825026 0 0 0 0 0 0 0 0 0 0.825026 0 0.824957 0 0 0 0 0 0 0 0 0 0.824957 0 0.825026 0 0 0 0 0 0 0 0 0 0.825026 0 
C8H11NO2             CHEMBL112853                             
0 0.821197 0 0 0 0.825042 0 0.830487 0 0 0 0.821197 0 0.825095 0 0 0 0 0 0 0 0 0 0.825095 0 0.823294 0 0 0 0 0 0 0 0 0 0.823294 0 0 0 0.8167 0 0 0 0.827484 0 0 0 0 0 0 0 0 0.811958 0.825 0 0.825042 0 0 0 0 0 0 0 0 0 0 0 0 0 0.8167 0 0 0 0 0.823294 0 0 0.830487 0 0 0 0 0 0 0 0 0 0 0 0 0 0 0.811958 0 0.823294 0 0 0 0 0 0 0 0 0.825 0 0 0 0 0 0.820348 0 0 0 0.827484 0 0 0 0 0 0.820348 0 
C8H18N2O             CHEMBL11293                              
0 0.825 0.823294 0.823294 0 0 0 0 0 0 0 0.825 0 0 0 0 0 0 0 0 0 0 0.823294 0 0 0 0 0.823294 0 0 0 0 0 0.823294 0 0 0 0.826931 0 0 0 0 0 0 0 0 0 0.826931 0 0 0.823294 0 0 0 0 0 0 0.823294 0 0 0 0 0 0 0 0 0 0 0 0 0.823294 0 0 0 0 0.830487 0 0 0 0 0 0 0 0 0 0.823294 0 0.823294 0 0 0 0 0 0 0 0.823294 0 0.823294 0 0 0 0 0 0 0 0.830487 0 0.823294 0 0 0 0 0 0 0 0 0 0.823294 0 0 0 
C6H5BrN4             CHEMBL112948                             
