C9H8N2S              CHEMBL100557                             
0 0.601539 0.60208 0 0 0 0.600807 0 0 0 0 0 0.601539 0 0 0 0.604799 0 0 0 0.607626 0 0 0 0.60208 0 0 0 0 0.593105 0 0.602433 0 0 0 0 0 0 0 0 0.60176 0.61053 0 0 0 0 0 0 0 0.604799 0 0.60176 0 0 0 0 0 0 0 0 0 0 0.593105 0.61053 0 0 0 0 0 0.60208 0 0 0.600807 0 0 0 0 0 0 0 0 0 0 0 0 0 0.602433 0 0 0 0 0 0 0 0.604878 0 0 0.607626 0 0 0 0 0 0 0 0 0 0 0 0 0 0 0 0.60208 0 0 0 0 0 0.600651 0 0 0 0 0 0 0 0.604878 0 0 0 0.602277 0 0 0 0 0 0 0 0 0 0.600651 0.602277 0 
C5H15N2O3PS          CHEMBL1006           Gammaphos           
0 0.824956 0 0.8244 0 0 0 0 0 0 0 0 0.824956 0 0.821487 0 0 0 0 0 0 0 0 0 0 0.821487 0 0 0 0 0 0.824956 0 0 0 0 0.8244 0 0 0 0.823822 0.8244 0.8244 0 0 0 0 0 0 0 0 0.823822 0 0 0 0 0 0 0 0 0 0 0 0.8244 0 0 0 0 0 0 0 0 0 0 0 0.8244 0 0 0 0 0 0 0 0 0 0 0.824956 0 0 0 0 0 0.821487 0 0 0 0 0 0 0 0 0 0 0.821487 0 0.825042 0 0 0 0 0 0 0 0 0 0 0.825042 0 0.824955 0 0 0 0 0 0 0 0 0 0 0.824955 0 0.824956 0 0 0 0 0 0 0 0 0 0 0.824956 0 
C6H7N3O2S            CHEMBL100660                             
0 0.604669 0.60883 0 0 0.755153 0.799384 0 0 0 0 0 0.604669 0 0 0.6083 0 0 0 0 0 0.597477 0 0 0.60883 0 0 0 0 0 0 0.6042 0 0 0 0 0 0.6083 0 0 0.606764 0 0 0 0.597477 0 0 0 0 0 0 0.606764 0 0 0 0.604669 0 0 0 0 0.755153 0 0 0 0 0 0 0 0 0 0 0 0.799384 0 0 0 0 0 0 0 0 0 0 0 0 0 0.6042 0 0.604669 0 0 0 0 0 0 0 0 0 0 0.597477 0 0 0 0 0 0 0.605212 0 0 0.597477 0 0 0 0 0 0 0 0 0 0.601026 0 0 0 0 0 0 0 0 0.605212 0 0 0.6 0 0 0 0 0 0 0 0 0 0.601026 0.6 0 
C9H9NO2              CHEMBL100758                             
0 0.823294 0.819662 0.825011 0 0 0 0 0 0 0 0 0.823294 0 0 0 0 0.8167 0 0.816121 0 0 0 0 0.819662 0 0 0 0.8167 0 0 0 0.827483 0 0 0 0.825011 0 0 0 0 0 0 0 0 0 0 0 0 0 0.8167 0 0 0 0.819662 0 0 0.823293 0 0 0 0.8167 0 0 0 0 0.823294 0 0 0 0 0 0 0 0 0 0.819662 0.823294 0 0 0 0 0 0 0 0.816121 0 0 0 0 0 0 0 0 0 0 0 0 0.827483 0 0 0 0 0 0 0 0.823294 0 0 0 0 0 0.823293 0 0 0 0 0 0 0.823294 0 0 0 0 0 0 0 0 0.823294 0 0 0.825 0 0 0 0 0 0 0 0 0 0.823294 0.825 0 
C10H16O2             CHEMBL100919                             
0 0 0 0.828874 0 0.80671 0.850827 0 0 0 0 0 0 0 0.854401 0 0.795397 0 0 0 0 0 0 0 0 0.854401 0 0 0 0 0 0.82623 0 0.822439 0 0 0.828874 0 0 0 0 0 0 0 0 0 0 0 0 0.795397 0 0 0 0.807872 0 0 0 0 0 0 0.80671 0 0 0 0.807872 0 0 0 0 0 0.822534 0 0.850827 0 0 0 0 0 0 0.835633 0 0 0 0 0 0 0.82623 0 0 0 0.835633 0 0 0 0 0 0 0 0 0 0 0 0 0 0 0 0 0.823052 0 0 0.822439 0 0 0 0 0 0 0 0 0 0 0 0 0 0 0.822534 0 0 0 0 0 0.822439 0 0 0 0 0 0 0 0 0.823052 0 0.822439 0 
C10H8NS              CHEMBL101164                             
0 0.822534 0 0.818249 0 0 0 0.818323 0 0 0 0 0.822534 0 0.821947 0 0 0 0 0 0 0 0 0 0 0.821947 0 0 0 0 0.824969 0 0 0 0 0 0.818249 0 0 0 0 0 0.825 0 0.830062 0 0 0 0 0 0 0 0 0.825 0 0.825 0 0 0 0 0 0 0 0 0.825 0 0 0 0 0 0 0 0 0 0.824969 0.825 0 0 0 0 0 0.827483 0 0 0.818323 0 0 0 0.825 0 0 0 0 0 0 0 0 0 0 0.830062 0 0 0 0 0 0 0.825406 0 0 0 0 0 0 0 0.827483 0 0 0 0 0.823294 0 0 0 0 0 0 0 0 0.825406 0 0 0.820895 0 0 0 0 0 0 0 0 0 0.823294 0.820895 0 
C6H7N3O2S            CHEMBL101238                             
0 0.604669 0.60883 0.755153 0.799384 0 0 0 0 0 0 0 0.604669 0 0 0 0 0.6083 0 0 0 0.597477 0 0 0.60883 0 0 0 0 0 0.6042 0 0 0 0 0 0.755153 0 0 0 0 0 0 0 0 0 0 0 0.799384 0 0 0 0 0 0 0 0 0 0 0 0 0.6083 0 0 0 0 0 0.606764 0 0 0.597477 0 0 0 0.6042 0 0 0 0 0.604669 0 0 0 0 0 0 0 0 0 0.606764 0.604669 0 0 0 0 0 0 0 0 0 0 0 0 0 0 0.601026 0 0.6 0 0.597477 0 0 0 0 0 0 0.601026 0 0 0 0 0 0 0 0 0.597477 0 0 0 0 0 0.605212 0 0 0 0 0 0 0 0 0.6 0 0.605212 0 
C7H5NO4              CHEMBL101263         4-Nitrobenzoic      
0 0.827301 0 0 0 0.822925 0 0 0 0 0 0 0.827301 0 0.825571 0 0 0 0 0 0 0 0 0 0 0.825571 0 0.827071 0 0 0 0 0 0.82234 0 0 0 0 0.827071 0 0.830605 0 0 0 0 0 0 0 0 0 0 0.830605 0 0.824024 0 0 0 0 0 0 0.822925 0 0 0 0.824024 0 0.825004 0 0 0 0 0 0 0 0 0 0 0.825004 0 0.824953 0.825018 0 0 0 0 0 0 0 0 0 0.824953 0 0 0 0 0 0 0 0 0 0 0 0.825018 0 0 0 0 0 0 0 0.82234 0 0 0 0 0 0 0 0.822321 0.822387 0 0 0 0 0 0 0 0 0 0.822321 0 0 0 0 0 0 0 0 0 0 0 0.822387 0 0 
C9H12N2O             CHEMBL101296                             
0 0.823293 0 0 0.826932 0 0 0 0 0 0 0 0.823293 0 0.826396 0 0 0 0 0 0 0 0 0 0 0.826396 0 0.825406 0 0 0 0 0 0 0 0 0 0 0.825406 0 0 0 0.825 0.823294 0 0 0 0 0.826932 0 0 0 0 0 0 0 0 0 0 0 0 0 0 0 0 0 0 0 0.823294 0.825 0.826931 0 0 0 0 0.825 0 0 0 0 0.823294 0 0 0 0 0 0 0.823294 0 0 0 0 0 0.823294 0 0 0 0 0 0 0 0.823294 0.823294 0 0 0 0 0 0 0 0 0 0 0.825 0 0.823294 0 0 0 0 0 0 0 0 0 0.826931 0 0 0 0 0 0.823294 0 0 0 0 0 0 0 0 0 0 0.823294 0 
C6H5N3O2S            CHEMBL101392                             
0 0.604669 0.60883 0 0.755152 0.799384 0 0 0 0 0 0 0.604669 0 0 0 0 0 0.597477 0.6083 0 0 0 0 0.60883 0 0 0.6042 0 0 0 0 0 0 0 0 0 0 0.6042 0 0 0 0 0 0.604669 0 0 0 0.755152 0 0 0 0 0 0 0 0 0 0 0 0.799384 0 0 0 0 0 0 0 0 0 0 0 0 0.597477 0 0 0 0 0 0 0 0.601026 0 0 0 0.6083 0 0 0 0 0 0 0.606764 0 0.597477 0 0 0 0 0.604669 0 0 0 0.606764 0 0 0 0 0 0 0 0 0 0 0.601026 0 0 0 0 0.6 0 0 0 0 0 0 0 0.597477 0 0 0 0.605212 0 0 0 0 0 0 0 0 0 0.6 0.605212 0 
C6H7N5O              CHEMBL101470                             
0 0.599509 0.593091 0 0 0 0.6 0 0 0 0 0 0.599509 0 0 0.592535 0.599197 0 0 0 0 0 0 0 0.593091 0 0 0 0 0.600651 0 0 0 0.600807 0 0 0 0.592535 0 0 0 0 0 0.598947 0 0 0 0 0 0.599197 0 0 0 0 0 0 0.60013 0 0 0 0 0 0.600651 0 0 0 0 0.594358 0 0 0 0 0.6 0 0 0 0 0 0 0 0.604798 0 0 0 0 0 0 0.598947 0 0.594358 0 0 0 0 0 0 0 0 0 0 0.60013 0 0.604798 0 0 0 0 0 0 0 0.600807 0 0 0 0 0 0 0 0.604878 0 0 0 0 0 0 0 0 0 0 0.604878 0 0.596913 0 0 0 0 0 0 0 0 0 0 0.596913 0 
C7H13N3O2            CHEMBL101713                             
0 0.82623 0 0 0.827742 0 0 0 0.817642 0 0 0 0.82623 0 0 0 0 0 0 0 0 0.825 0 0 0 0 0 0.82623 0 0 0.82302 0 0 0 0 0.823199 0 0 0.82623 0 0 0.817042 0 0 0 0 0.825 0 0.827742 0 0 0 0 0 0 0 0 0 0 0 0 0 0 0.817042 0 0 0 0.82623 0 0 0 0 0 0 0.82302 0 0 0 0 0 0 0 0 0 0 0 0 0 0 0.82623 0 0 0.824382 0.828779 0 0 0.817642 0 0 0 0 0 0 0.824382 0 0 0 0 0 0.825 0 0 0 0 0 0.828779 0 0 0 0 0 0 0 0.825 0 0 0 0 0 0 0 0 0 0 0.823199 0 0 0 0 0 0 0 0 0 
C6H5N3O2S            CHEMBL101847                             
0 0.60883 0.604669 0 0.755153 0.799384 0 0 0 0 0 0 0.60883 0 0 0.6042 0 0 0 0 0 0 0 0 0.604669 0 0 0 0 0 0 0.6083 0 0.597477 0 0 0 0.6042 0 0 0 0 0.604669 0 0 0 0 0 0.755153 0 0 0 0 0 0 0 0 0 0 0 0.799384 0 0 0 0 0 0 0 0 0 0 0 0 0 0 0.604669 0 0 0 0.606764 0 0 0 0 0 0 0.6083 0 0 0 0.606764 0 0 0 0.597477 0 0 0 0 0 0 0 0 0 0 0.601026 0 0.6 0 0 0.597477 0 0 0 0 0 0.601026 0 0 0 0 0 0 0 0 0 0 0.597477 0 0 0 0.605212 0 0 0 0 0 0 0 0 0.6 0 0.605212 0 
C9H9N3               CHEMBL102126                             
0 0.825 0.825406 0.830487 0 0 0 0 0 0 0 0 0.825 0 0 0 0.823294 0.827483 0 0 0 0 0 0 0.825406 0 0 0 0 0 0.823294 0 0 0 0 0 0.830487 0 0 0 0 0 0 0 0 0.827483 0 0 0 0.823294 0 0 0 0 0 0.823294 0 0 0 0 0 0.827483 0 0 0 0 0 0 0.825095 0 0.823294 0 0 0 0.823294 0 0 0 0 0.8292 0 0 0 0.826931 0 0 0 0 0.823294 0 0.8292 0 0 0 0 0 0 0 0 0 0 0.825095 0 0 0 0 0 0 0 0 0 0.827483 0 0 0 0 0 0 0.825042 0 0 0 0 0 0 0.823294 0 0 0 0.825042 0 0 0 0 0 0 0 0 0.826931 0 0 0 0 0 
C6H5N3O2S            CHEMBL102139                             
0 0.60883 0.604669 0 0 0 0.755153 0.799384 0 0 0 0 0.60883 0 0 0 0 0.6042 0 0 0 0 0 0 0.604669 0 0 0.6083 0 0 0 0 0 0.597477 0 0 0 0 0.6083 0 0.606764 0 0 0 0.597477 0 0 0 0 0 0 0.606764 0 0.604669 0 0 0 0 0 0 0 0.6042 0 0 0.604669 0 0 0 0 0 0 0 0.755153 0 0 0 0 0 0 0 0 0 0 0 0.799384 0 0 0 0 0 0 0 0 0 0 0 0 0 0 0.597477 0 0 0 0 0 0 0.605212 0 0 0 0.597477 0 0 0 0 0 0 0 0 0.601026 0 0 0 0 0 0 0 0 0.605212 0 0 0.6 0 0 0 0 0 0 0 0 0 0.601026 0.6 0 
C9H12N2O             CHEMBL10260                              
0 0 0 0 0 0 0.823293 0.818917 0 0 0 0 0 0 0 0 0 0 0 0 0.823294 0.821197 0 0 0 0 0 0.819722 0.83085 0 0 0 0 0 0 0 0 0 0.819722 0 0 0 0 0 0.825011 0 0.821197 0 0 0 0.83085 0 0 0.822439 0 0.817198 0 0 0 0 0 0 0 0 0.822439 0 0.823199 0 0 0 0 0 0.823293 0 0 0 0 0.823199 0 0 0 0 0 0 0.818917 0 0 0 0.817198 0 0 0 0 0 0 0 0 0.823294 0 0.825011 0 0 0 0 0 0 0 0 0 0.821197 0 0 0 0 0 0 0 0 0 0.8292 0 0 0 0.821197 0 0 0 0 0 0 0 0.817556 0 0 0 0 0 0 0 0 0 0.8292 0.817556 0 
C6H9N3O3             CHEMBL102612                             
0 0.817198 0 0.826011 0 0 0.818917 0 0 0 0 0 0.817198 0 0 0 0.822439 0 0 0 0 0.827483 0 0 0 0 0 0 0.823199 0 0.823294 0 0 0 0 0 0.826011 0 0 0 0 0 0 0.824473 0 0 0 0 0 0.822439 0.823199 0 0 0 0 0 0 0 0 0 0 0 0 0 0 0 0 0.823199 0.820897 0 0 0.82302 0.818917 0 0.823294 0 0 0 0 0 0 0 0 0 0 0 0 0.824473 0 0.823199 0 0 0 0 0.827511 0 0 0 0 0 0 0.820897 0 0 0 0 0 0 0 0.827483 0 0 0 0 0 0 0 0 0 0 0 0 0 0 0 0 0 0.827511 0 0 0 0 0 0 0 0 0 0.82302 0 0 0 0 0 0 
C6H16N6              CHEMBL102740         Arcaine             
0 0.825148 0 0 0 0 0 0 0 0 0 0 0.825148 0 0.82134 0 0 0 0 0 0 0 0.8248 0 0 0.82134 0 0.821253 0 0 0 0 0 0 0 0 0 0 0.821253 0 0.825321 0 0 0 0 0 0 0 0 0 0 0.825321 0 0.821253 0 0 0 0 0 0 0 0 0 0 0.821253 0 0.825235 0 0 0 0 0 0 0 0 0 0 0.825235 0 0.82134 0 0 0 0 0 0 0 0 0 0 0.82134 0 0.821253 0 0 0 0 0 0 0 0 0 0 0.821253 0 0.825321 0 0.8202 0 0 0 0 0 0 0 0 0.825321 0 0 0 0 0.8248 0 0 0 0 0 0 0 0 0 0 0 0 0 0 0 0 0 0 0.8202 0 0 0 
C8H9NO3              CHEMBL102970         Pyridoxal           
0 0.825 0 0 0 0 0 0 0 0 0 0 0.825 0 0.825025 0 0 0 0 0 0 0 0 0 0 0.825025 0 0.825 0 0 0 0.825025 0 0 0 0 0 0 0.825 0 0.825025 0 0 0 0 0 0 0 0 0 0 0.825025 0 0.824939 0 0 0 0 0 0 0 0 0 0 0.824939 0 0.825 0 0 0 0 0.825025 0 0 0 0 0 0.825 0 0.824939 0 0 0.825025 0 0 0 0.825025 0 0 0 0.824939 0 0.825 0 0 0 0 0 0 0 0 0 0 0.825 0 0.824939 0 0 0 0 0 0 0 0 0 0 0.824939 0 0 0 0 0 0 0 0 0 0.825025 0 0 0 0 0 0 0 0 0 0 0.825025 0 0 0 0 0 0 
C9H9BrO2             CHEMBL103009                             
0 0.825 0.821197 0 0 0 0 0 0 0 0.823294 0 0.825 0 0 0.830487 0.823294 0 0 0 0 0 0 0 0.821197 0 0 0 0 0 0 0 0 0 0 0 0 0.830487 0 0 0 0 0 0.8292 0 0 0 0 0 0.823294 0 0 0 0 0.8292 0 0 0 0 0 0 0 0 0 0 0 0.823294 0.830487 0 0.825 0 0 0 0 0 0 0.8292 0.823294 0 0 0 0 0 0 0 0 0 0.8292 0 0.830487 0 0 0 0 0 0 0 0 0 0 0 0 0 0 0 0 0.825 0 0 0 0 0 0 0.825 0 0 0 0 0 0.828409 0.823294 0 0 0 0 0 0 0 0.825 0 0 0 0 0 0 0 0 0 0 0 0 0.828409 0 0 
C6H11N5S             CHEMBL103095                             
0 0.827511 0 0.827803 0.825 0 0 0 0 0 0 0 0.827511 0 0.823449 0 0 0 0 0.822228 0 0 0 0 0 0.823449 0 0 0 0.826772 0 0 0 0 0 0 0.827803 0 0 0 0 0 0.822439 0 0.829627 0 0 0 0.825 0 0 0 0 0.828779 0 0 0 0 0 0 0 0 0.826772 0 0.828779 0 0 0 0 0 0 0 0 0 0 0.822439 0 0 0 0 0 0 0 0 0 0.822228 0 0 0 0 0 0 0 0 0 0 0 0 0 0.829627 0 0 0 0 0 0.820052 0 0 0 0 0 0 0 0 0 0 0.820052 0 0.820937 0 0 0 0 0 0 0 0 0 0 0.820937 0 0.829234 0 0 0 0 0 0 0 0 0 0 0.829234 0 
C5H6N6S              CHEMBL103292                             
0 0.599509 0 0 0.593091 0 0 0.6 0 0 0 0 0.599509 0 0.592535 0 0 0 0.599197 0 0 0 0 0 0 0.592535 0 0 0 0.598947 0 0 0 0 0 0 0 0 0 0 0.600651 0.594358 0 0 0 0 0 0 0.593091 0 0 0.600651 0 0 0 0 0 0.600807 0 0 0 0 0.598947 0.594358 0 0 0 0 0 0 0.600651 0 0 0.599197 0 0 0 0 0 0 0.60013 0 0 0 0.6 0 0 0 0 0 0 0 0.604798 0 0 0 0 0 0 0 0 0 0.60013 0.604798 0 0 0 0 0 0 0 0 0.600807 0 0 0 0 0 0 0.604878 0 0 0 0 0 0.600651 0 0 0 0 0 0 0 0 0 0 0 0 0 0 0 0.604878 0 0 
C6H11NO4S            CHEMBL103396                             
0 0.879792 0.879097 0.886306 0 0 0 0 0 0 0 0 0.879792 0 0 0 0.900868 0 0 0.878297 0 0 0 0 0.879097 0 0 0 0 0.8875 0.882743 0 0 0 0 0 0.886306 0 0 0 0 0 0 0 0 0 0.879098 0 0 0.900868 0 0 0 0 0 0 0 0 0 0 0 0 0.8875 0 0 0 0 0 0 0 0 0 0 0 0.882743 0 0 0 0 0 0 0 0 0 0 0.878297 0 0 0 0 0 0 0 0 0 0 0 0 0 0 0 0 0 0 0 0 0 0.879097 0 0 0 0 0 0 0 0 0 0 0.8875 0 0 0 0 0.879098 0 0 0 0 0 0.8875 0 0.879098 0 0 0 0 0 0 0 0 0.879097 0 0.879098 0 
C6H10N2O4            CHEMBL103452                             
0 0.600521 0 0.6042 0 0 0.598677 0 0.600015 0 0 0 0.600521 0 0 0 0.604825 0 0 0 0 0 0 0 0 0 0 0 0.600078 0 0.596385 0 0 0 0 0 0.6042 0 0 0 0 0 0 0.597435 0 0 0.605009 0 0 0.604825 0.600078 0 0 0.598677 0 0 0 0 0 0 0 0 0 0 0.598677 0 0 0 0 0.601301 0 0.601245 0.598677 0 0.596385 0 0 0 0 0 0 0 0 0 0 0 0 0.597435 0 0 0 0 0 0 0 0 0.600015 0 0 0 0 0 0 0 0 0 0 0 0 0 0 0 0 0.601301 0 0 0 0 0 0 0 0 0 0.605009 0 0 0 0 0 0 0 0 0 0 0 0 0 0.601245 0 0 0 0 0 0 
C9H8N2O              CHEMBL103553                             
0 0.825 0.825406 0.830487 0 0 0 0 0 0 0 0 0.825 0 0 0 0.823294 0.827483 0 0 0 0 0 0 0.825406 0 0 0 0 0 0.823294 0 0 0 0 0 0.830487 0 0 0 0 0 0 0 0.827483 0 0 0 0 0.823294 0 0 0 0 0 0.823294 0 0 0 0 0 0.827483 0 0 0 0 0 0 0 0.823294 0.825011 0 0 0 0.823294 0 0 0 0 0.8292 0 0 0 0.826931 0 0 0 0 0.823294 0 0.8292 0 0 0 0 0 0 0 0 0.827483 0 0 0 0 0 0.825042 0 0 0 0 0 0 0 0.823294 0 0 0.825042 0 0 0 0 0 0 0 0 0.825011 0 0 0 0 0 0 0 0 0 0 0 0 0.826931 0 0 0 0 0 
C5H9N5S2             CHEMBL103826                             
0 0.604824 0 0.608428 0 0.595328 0 0 0 0 0 0 0.604824 0 0.60414 0 0 0 0 0.593105 0 0 0 0 0 0.60414 0 0 0.607929 0 0 0 0 0 0 0 0.608428 0 0 0 0.601041 0 0 0 0 0 0 0 0 0 0.607929 0.601041 0 0 0 0 0.596998 0 0 0 0.595328 0 0 0 0 0 0.605902 0 0 0.60208 0 0 0 0 0 0 0 0.605902 0 0 0 0 0 0 0 0.593105 0 0 0 0 0 0 0 0 0 0 0 0 0 0 0.596998 0 0 0 0 0 0 0.603376 0 0 0 0 0 0.60208 0 0 0 0 0.603247 0 0 0 0 0 0 0 0 0 0 0.603247 0 0 0 0 0 0 0 0 0 0 0.603376 0 0 0 
C8H7NO2S             CHEMBL103878                             
0 0.822159 0.786925 0 0 0 0.5 0 0 0 0 0 0.822159 0 0 0.596927 0 0 0 0 0 0 0 0 0.786925 0 0 0 0.593849 0 0 0 0 0 0 0 0 0.596927 0 0 0.608314 0.597477 0 0 0 0 0 0 0 0 0.593849 0.608314 0 0 0 0.596927 0 0 0 0 0 0 0 0.597477 0 0 0 0 0.601026 0 0 0 0.5 0 0 0 0 0 0 0 0 0 0 0 0 0 0 0 0.596927 0 0 0 0 0.593849 0 0 0 0 0 0 0 0.601026 0 0 0 0.6 0.593849 0 0 0 0 0 0 0 0 0.593849 0.6 0 0 0 0 0 0 0 0 0 0 0 0.593849 0 0 0.602596 0 0 0 0 0 0 0 0 0 0 0.602596 0 
C9H17NO2             CHEMBL104036                             
0 0 0 0.834135 0.825 0 0 0 0 0 0 0 0 0 0.8125 0.825 0 0 0.823294 0 0 0 0 0 0 0.8125 0 0 0 0 0 0.825 0 0 0 0 0.834135 0.825 0 0 0 0 0 0 0 0 0 0 0.825 0 0 0 0 0 0 0 0 0 0 0 0 0 0 0 0 0 0 0 0.825094 0.829627 0 0 0 0.823294 0 0 0 0 0 0 0 0 0 0 0 0 0.825 0 0 0 0 0 0 0 0.823294 0 0 0 0 0 0 0.825094 0 0 0 0 0 0.823294 0 0 0 0 0 0.829627 0 0 0 0 0 0 0 0 0 0 0 0 0 0.823294 0 0 0 0.825 0 0 0 0 0 0 0 0 0.823294 0 0.825 0 
C6H9N3O3             CHEMBL104197                             
0 0.817198 0.826011 0.818917 0 0 0 0 0 0 0 0 0.817198 0 0 0 0 0.822439 0 0 0 0.827483 0 0 0.826011 0 0 0 0 0 0.824473 0 0 0 0 0 0.818917 0 0 0 0 0 0 0.823294 0 0 0 0 0 0 0 0 0 0 0.823199 0 0.820897 0 0 0.82302 0 0.822439 0 0 0 0 0 0.823199 0 0 0 0 0 0 0.824473 0 0.823199 0 0 0 0 0 0.827511 0 0 0 0 0.823294 0 0.823199 0 0 0 0 0 0 0 0 0 0 0.820897 0 0 0 0 0 0 0 0 0.827483 0 0 0 0 0 0 0 0 0 0 0 0 0 0 0 0 0.827511 0 0 0 0 0 0 0 0 0 0.82302 0 0 0 0 0 0 0 
C6H14N4S2            CHEMBL104233                             
0 0 0.823294 0 0.823294 0 0 0.825 0 0 0 0 0 0 0 0.825 0 0.823294 0.823294 0 0 0 0 0 0.823294 0 0 0 0 0 0 0 0 0 0 0 0 0.825 0 0 0 0 0 0 0 0 0 0 0.823294 0 0 0 0 0 0 0 0.823294 0 0 0 0 0.823294 0 0 0 0 0 0 0 0.823294 0 0 0 0.823294 0 0 0 0 0 0 0 0 0 0 0.825 0 0 0 0 0 0 0 0 0 0 0 0 0 0 0 0.823294 0 0 0 0 0 0 0.830487 0 0 0 0 0 0.823294 0 0 0 0 0.826931 0 0 0 0 0 0 0 0 0 0 0.826931 0 0.823294 0 0 0 0 0 0 0 0 0.830487 0 0.823294 0 
C8H6O4               CHEMBL1045           Phthalic            
0 0 0 0 0 0 0.8273 0 0 0 0 0 0 0 0 0 0 0 0.82498 0 0 0 0 0 0 0 0 0 0 0 0 0.827458 0 0 0 0 0 0 0 0 0 0 0 0.816372 0 0 0 0 0 0 0 0 0 0.8305 0.819325 0 0.82498 0 0 0 0 0 0 0 0.8305 0 0 0.819325 0 0.82498 0 0 0.8273 0.82498 0 0 0.819325 0 0 0 0 0 0 0 0 0 0.827458 0.816372 0 0.819325 0 0 0 0 0 0 0 0 0 0 0.82498 0 0 0 0 0 0.819238 0 0 0 0 0 0 0.82498 0 0 0 0 0 0.819238 0 0 0 0 0 0 0 0 0.819238 0 0 0.8305 0 0 0 0 0 0 0 0 0 0.819238 0.8305 0 
C10H16NO             CHEMBL104549                             
0 0.8333 0.8292 0.833341 0.825042 0 0 0 0 0 0 0 0.8333 0 0 0 0 0 0.811034 0.838991 0 0 0 0 0.8292 0 0 0 0 0 0 0 0.830487 0 0 0 0.833341 0 0 0 0 0 0 0 0 0 0 0 0.825042 0 0 0 0 0 0 0 0 0 0 0 0 0 0 0 0 0 0 0 0.8333 0 0 0 0 0.811034 0 0 0 0 0 0 0 0.825095 0 0 0 0.838991 0 0 0 0 0 0 0 0 0.825095 0 0 0 0.830487 0 0 0.8333 0 0 0 0 0 0 0 0 0 0 0 0 0.825095 0 0 0 0 0.828025 0 0 0 0 0 0 0 0.825095 0 0 0 0.821783 0 0 0 0 0 0 0 0 0 0.828025 0.821783 0 
C9H18NO2             CHEMBL105198                             
0 0 0.829234 0 0.822534 0 0 0 0 0 0 0 0 0 0 0.825 0.818323 0 0.829234 0 0 0 0 0 0.829234 0 0 0.820897 0 0 0 0.82878 0 0 0 0 0 0.825 0.820897 0 0 0 0 0 0 0 0 0 0.822534 0.818323 0 0 0 0 0 0 0 0 0 0.828779 0 0 0 0 0 0 0 0.822652 0.828779 0.821296 0.831159 0 0 0.829234 0 0 0 0 0 0 0 0 0 0 0 0 0.82878 0 0 0.822652 0 0 0 0 0 0 0 0 0 0 0 0.828779 0 0 0 0 0 0 0 0 0 0 0 0.821296 0 0 0 0 0 0 0 0 0 0 0 0.831159 0 0 0 0 0 0 0 0 0 0 0.828779 0 0 0 0 0 0 0 
C8H5ClF2O            CHEMBL105349                             
0 0.823294 0 0.826931 0.825042 0 0 0 0 0 0 0 0.823294 0 0.825 0 0 0 0 0.823294 0 0 0 0 0 0.825 0 0 0 0 0.823294 0 0 0 0 0 0.826931 0 0 0 0 0 0 0 0.825 0 0 0 0.825042 0 0 0 0 0.823294 0 0 0 0 0 0.830487 0 0 0 0 0.823294 0 0 0 0 0 0 0 0 0 0.823294 0 0 0 0 0 0.826931 0.825 0 0 0 0.823294 0 0 0 0 0 0 0 0 0 0 0 0 0 0.825 0 0 0.826931 0 0 0 0 0 0 0 0 0 0 0 0.825 0 0 0 0 0 0 0 0 0 0 0 0 0 0 0 0 0.825042 0 0 0 0 0.830487 0 0 0 0 0 0.825042 0 
C9H20NO2             CHEMBL105471                             
0 0.829234 0 0.822534 0 0 0 0 0 0 0 0 0.829234 0 0.820897 0 0 0 0.82878 0 0 0 0 0 0 0.820897 0 0 0.825 0 0 0 0 0 0 0 0.822534 0 0 0 0.818323 0 0 0 0 0 0 0.828779 0 0 0.825 0.818323 0 0 0 0.829234 0 0 0 0 0 0 0 0 0 0 0.822652 0 0.828779 0.821296 0.831159 0 0 0.82878 0 0 0 0.822652 0 0 0 0 0 0 0 0 0 0 0.829234 0 0 0 0 0 0 0 0 0 0 0 0 0.828779 0 0 0 0 0 0 0 0 0 0 0 0.821296 0 0 0 0 0 0 0 0 0 0 0 0.831159 0 0 0 0 0 0 0 0 0 0.828779 0 0 0 0 0 0 0 0 
C8H7ClO3             CHEMBL105609                             
0 0.823294 0 0.825042 0 0.826931 0 0 0 0 0 0 0.823294 0 0.825 0 0 0 0 0 0 0 0 0 0 0.825 0 0 0.823294 0 0 0 0.830487 0 0 0 0.825042 0 0 0 0 0 0.823294 0 0 0 0 0.830487 0 0 0.823294 0 0 0 0 0.826931 0 0.825 0 0 0.826931 0 0 0 0 0 0 0.825 0 0 0 0 0 0 0 0.823294 0 0 0 0 0 0 0 0 0 0 0 0 0.826931 0.825 0 0 0 0 0 0 0 0 0.830487 0 0 0 0 0 0 0 0 0 0 0 0 0 0.825 0 0 0 0 0 0 0 0 0 0 0 0 0 0 0 0 0 0 0.825042 0 0 0 0.830487 0 0 0 0 0 0 0.825042 0 
C8H18N4              CHEMBL105668                             
0 0 0.825 0 0.823294 0 0 0.823294 0 0 0 0 0 0 0 0.823294 0 0.825 0.823294 0 0 0 0 0 0.825 0 0 0 0 0 0 0 0 0 0 0 0 0.823294 0 0 0 0 0 0 0 0 0 0 0.823294 0 0 0 0 0 0 0 0 0 0 0 0 0.825 0 0 0 0 0 0 0 0 0 0 0 0.823294 0 0 0 0 0 0 0 0.823294 0 0 0.823294 0 0 0 0 0 0 0 0.823294 0 0 0 0 0 0 0 0 0 0 0.823294 0 0 0 0.826931 0 0 0 0 0 0 0.823294 0 0 0 0.830487 0 0 0 0 0 0 0 0 0 0 0.830487 0 0.823294 0 0 0 0 0 0 0 0 0.826931 0 0.823294 0 
C7H11ClN2            CHEMBL105792         ONO-1714            
0 0.819797 0 0 0 0.821705 0 0 0.8249 0 0 0 0.819797 0 0.825 0 0 0 0 0 0 0 0 0 0 0.825 0 0.825176 0.826884 0 0 0 0 0 0 0 0 0 0.825176 0 0 0 0.827071 0 0 0 0 0 0 0 0.826884 0 0 0 0 0 0 0 0 0 0.821705 0 0 0 0 0 0.825 0.828396 0 0 0 0.8228 0 0 0 0.827071 0 0.825 0 0.825303 0 0 0.825216 0 0 0 0 0 0 0.828396 0.825303 0 0 0.8291 0 0 0.8249 0 0 0 0 0 0 0 0 0 0 0 0 0 0 0 0 0 0 0.8291 0 0 0 0 0 0 0 0 0 0 0.825216 0 0 0 0 0 0 0 0 0 0 0.8228 0 0 0 0 0 0 
C10H12O2             CHEMBL105912         Raspberryketone     
0 0.827401 0 0 0 0.822925 0 0 0 0 0 0 0.827401 0 0.825435 0 0 0 0 0 0 0 0 0.824985 0 0.825435 0 0.827071 0 0 0 0 0 0 0 0 0 0 0.827071 0 0.830505 0 0 0 0 0 0 0 0 0 0 0.830505 0 0.824161 0.824995 0 0 0 0 0 0.822925 0 0 0 0.824161 0 0 0 0 0 0 0 0 0 0 0 0.824995 0 0 0.82498 0 0 0 0 0 0 0 0 0 0 0.82498 0 0.824996 0 0 0 0 0 0 0 0 0 0 0.824996 0 0.82498 0.825006 0 0 0 0 0 0 0 0 0 0.82498 0 0 0 0 0 0 0 0 0 0 0 0.825006 0 0 0 0 0.824985 0 0 0 0 0 0 0 0 0 0 
C9H10N2O             CHEMBL106258         Apiquel             
0 0.822534 0.827803 0 0.825 0 0 0 0 0 0 0 0.822534 0 0 0.830098 0 0 0 0 0 0 0 0 0.827803 0 0 0 0 0.82623 0 0 0 0 0 0 0 0.830098 0 0 0 0.825042 0.823449 0 0 0 0 0 0.825 0 0 0 0 0 0 0 0 0 0 0 0 0 0.82623 0.825042 0 0 0 0 0 0 0 0 0 0 0 0.823449 0 0 0 0.82588 0.816351 0 0 0 0 0 0 0 0 0 0.82588 0 0 0 0.821947 0 0 0 0 0 0 0 0.816351 0 0 0.821049 0 0 0 0 0 0 0 0 0 0 0.821049 0 0 0.830015 0 0 0 0 0 0 0 0.821947 0 0 0 0.828402 0 0 0 0 0 0 0 0 0 0.830015 0.828402 0 
C9H10N2O             CHEMBL106357                             
0 0.825921 0.825031 0 0.820842 0 0 0 0 0 0 0 0.825921 0 0 0.82623 0 0 0 0 0 0 0 0 0.825031 0 0 0 0 0.823515 0 0 0 0 0 0 0 0.82623 0 0 0 0.825 0.827481 0 0 0 0 0 0.820842 0 0 0 0 0 0 0 0 0 0 0 0 0 0.823515 0.825 0 0 0 0 0 0 0 0 0 0 0 0.827481 0 0 0 0.822799 0.820725 0 0 0 0 0 0 0 0 0 0.822799 0 0 0 0.822534 0 0 0 0 0 0 0 0.820725 0 0 0.820052 0 0 0 0 0 0 0 0 0 0 0.820052 0 0 0.829627 0 0 0 0 0 0 0 0.822534 0 0 0 0.830529 0 0 0 0 0 0 0 0 0 0.829627 0.830529 0 
C8H13N3O             CHEMBL106612         Imifuramine         
0 0.822228 0 0.824789 0 0 0.825921 0 0 0 0 0 0.822228 0 0 0 0 0.8167 0 0 0 0 0 0 0 0 0 0.820052 0 0 0 0 0.823449 0 0 0 0.824789 0 0.820052 0 0 0 0 0.82623 0 0 0 0 0 0 0 0 0 0.820897 0.829234 0 0 0 0 0 0 0.8167 0 0 0.820897 0 0 0 0 0 0 0 0.825921 0 0 0 0.829234 0 0 0 0 0 0 0 0 0 0 0.82623 0 0 0 0 0 0.825 0 0 0 0 0.823449 0 0 0 0 0 0 0.827511 0 0.828779 0 0 0 0 0 0 0 0.825 0.827511 0 0 0 0 0 0 0 0 0 0 0 0 0 0 0.828767 0 0 0 0 0 0 0 0 0.828779 0 0.828767 0 
C9H13NO2             CHEMBL106818                             
0 0.823294 0 0 0 0 0 0.825 0 0.823294 0 0 0.823294 0 0 0 0 0.825 0 0 0 0 0 0 0 0 0 0 0.825 0 0.830487 0 0 0 0 0.823294 0 0 0 0 0 0 0 0.830487 0 0 0.825 0 0 0 0.825 0 0 0.823294 0 0 0.823294 0 0 0 0 0.825 0 0 0.823294 0 0 0 0 0 0 0 0 0 0.830487 0 0 0 0 0 0 0 0 0 0.825 0 0 0.830487 0 0 0 0 0 0 0 0 0 0 0 0 0.823294 0 0 0 0 0.825 0 0 0.823294 0 0 0 0 0 0 0 0.825 0 0 0 0 0 0 0.825 0 0 0 0 0 0 0 0 0 0 0.823294 0 0 0 0 0 0 0 0 0 
C8H13N3O             CHEMBL106913                             
0 0.822228 0 0.824789 0 0 0.825921 0 0 0 0 0 0.822228 0 0 0 0 0.8167 0 0 0 0 0 0 0 0 0 0.820052 0 0 0 0 0.823449 0 0 0 0.824789 0 0.820052 0 0 0 0 0.82623 0 0 0 0 0 0 0 0 0 0.820897 0.829234 0 0 0 0 0 0 0.8167 0 0 0.820897 0 0 0 0 0 0 0 0.825921 0 0 0 0.829234 0 0 0 0 0 0 0 0 0 0 0.82623 0 0 0 0 0 0.825 0 0 0 0 0.823449 0 0 0 0 0 0 0.827511 0 0.828779 0 0 0 0 0 0 0 0.825 0.827511 0 0 0 0 0 0 0 0 0 0 0 0 0 0 0.828767 0 0 0 0 0 0 0 0 0.828779 0 0.828767 0 
C8H13N3O             CHEMBL106931                             
0 0.818323 0 0.828779 0 0 0.822534 0 0 0 0 0 0.818323 0 0 0 0 0.825 0 0 0 0 0 0 0 0 0 0.820052 0 0 0 0 0.823449 0 0 0 0.828779 0 0.820052 0 0 0 0 0.82623 0 0 0 0 0 0 0 0 0 0.822228 0.832635 0 0 0 0 0 0 0.825 0 0 0.822228 0 0 0 0 0 0 0 0.822534 0 0 0 0.832635 0 0 0 0 0 0 0 0 0 0 0.82623 0 0 0 0 0 0.825 0 0 0 0 0.823449 0 0 0 0 0 0 0.827511 0 0.828779 0 0 0 0 0 0 0 0.825 0.827511 0 0 0 0 0 0 0 0 0 0 0 0 0 0 0.825668 0 0 0 0 0 0 0 0 0.828779 0 0.825668 0 
C9H12N2O             CHEMBL107002                             
0 0.830487 0.825 0 0 0 0 0 0 0 0 0 0.830487 0 0 0 0 0 0 0 0 0 0 0 0.825 0 0 0.830487 0 0 0 0 0 0 0.823294 0 0 0 0.830487 0 0.8333 0 0 0 0 0 0 0 0 0 0 0.8333 0 0 0.826396 0.819166 0 0 0 0 0 0 0 0 0 0 0 0 0.830487 0.827483 0 0.825 0 0 0 0 0.826396 0 0 0 0.8333 0 0 0 0 0 0 0 0.819166 0 0 0 0 0.825 0 0 0 0 0 0 0 0.830487 0.8333 0 0 0 0 0 0 0 0 0 0 0.827483 0 0.825 0 0 0 0 0 0 0.823294 0 0 0 0 0 0 0 0 0 0 0 0 0 0 0.825 0 0 0 0 0 0 
C8H9FN2O             CHEMBL107003                             
0 0.830487 0.825 0 0 0 0 0 0 0 0 0 0.830487 0 0 0 0 0 0 0 0 0 0 0 0.825 0 0 0.830487 0 0 0 0 0 0 0 0.823294 0 0 0.830487 0 0.8333 0 0 0 0 0 0 0 0 0 0 0.8333 0 0 0 0 0 0.826396 0.819166 0 0 0 0 0 0 0 0.825 0.827483 0.830487 0 0 0 0 0 0 0 0 0.825 0 0 0 0 0 0 0 0 0 0 0 0.827483 0 0 0 0 0.825 0 0 0 0 0 0 0.830487 0 0 0 0.8333 0 0 0 0 0 0 0.826396 0 0 0 0.8333 0 0 0 0 0 0 0 0.819166 0 0 0.825 0 0 0 0 0 0 0.823294 0 0 0 0 0 0 0 0 0 
C9H13NO2             CHEMBL107173                             
0 0 0 0.817102 0 0.817102 0.825 0 0 0 0 0 0 0 0 0 0.823294 0.825 0 0 0 0.823294 0 0 0 0 0 0 0 0 0.830487 0 0.825 0 0 0 0.817102 0 0 0 0 0 0 0.825 0 0 0 0 0 0.823294 0 0 0 0 0 0.823294 0 0 0 0 0.817102 0.825 0 0 0 0 0 0 0 0 0 0 0.825 0 0.830487 0 0 0 0 0 0 0 0 0 0 0 0 0.825 0.823294 0 0 0 0 0 0 0 0 0 0.825 0 0 0 0 0 0 0 0 0 0 0.823294 0 0 0 0 0 0 0 0 0.825 0 0 0 0 0 0 0 0 0 0 0.825 0 0.829627 0 0 0 0 0 0 0 0 0 0 0.829627 0 
C10H15NO             CHEMBL107332                             
0 0.823293 0 0 0.827484 0 0 0 0.82501 0 0 0 0.823293 0 0 0 0 0 0 0.825 0 0 0 0 0 0 0 0.821198 0 0 0.825 0.821197 0 0 0 0 0 0 0.821198 0 0.8167 0 0 0 0 0 0 0 0.827484 0 0 0.8167 0 0 0 0 0 0 0 0 0 0 0 0 0 0 0.830487 0 0 0.825 0 0 0 0 0.825 0 0 0.830487 0 0 0 0 0 0 0 0.825 0.821197 0 0 0 0 0 0 0 0 0 0.82501 0 0 0 0 0 0 0 0 0 0.830488 0.823294 0 0 0 0 0 0.825 0 0 0 0 0 0 0 0 0 0 0 0 0 0 0.830488 0 0 0 0 0 0 0 0 0 0 0 0.823294 0 0 0 
C8H9ClN2O            CHEMBL107376                             
0 0.830487 0.825 0 0 0 0 0 0 0 0 0 0.830487 0 0 0 0 0 0 0 0 0 0 0 0.825 0 0 0.830487 0 0 0 0 0 0 0 0.823294 0 0 0.830487 0 0.8333 0 0 0 0 0 0 0 0 0 0 0.8333 0 0 0 0 0 0.826396 0.819166 0 0 0 0 0 0 0 0.825 0.827483 0.830487 0 0 0 0 0 0 0 0 0.825 0 0 0 0 0 0 0 0 0 0 0 0.827483 0 0 0 0 0.825 0 0 0 0 0 0 0.830487 0 0 0 0.8333 0 0 0 0 0 0 0.826396 0 0 0 0.8333 0 0 0 0 0 0 0 0.819166 0 0 0.825 0 0 0 0 0 0 0.823294 0 0 0 0 0 0 0 0 0 
C9H18N2O             CHEMBL107404                             
0 0.829234 0.82503 0 0 0.820811 0 0 0 0 0 0 0.829234 0 0 0.824969 0 0 0 0 0 0 0 0 0.82503 0 0 0 0.826115 0 0 0 0 0 0 0 0 0.824969 0 0 0.825 0 0.822534 0 0 0 0 0 0 0 0.826115 0.825 0 0 0 0.827803 0 0 0 0 0.820811 0 0 0 0 0 0 0 0 0 0 0 0 0 0 0.822534 0 0 0 0 0.822916 0 0 0 0 0 0 0 0.827803 0 0 0 0 0 0 0 0 0 0 0 0 0 0.822916 0 0 0 0.82503 0 0 0 0 0 0 0 0 0 0 0 0.826675 0.822534 0 0 0 0 0 0 0 0 0.82503 0.826675 0 0 0 0 0 0 0 0 0 0 0 0.822534 0 0 
C10H20O2             CHEMBL107498         Decanoic            
0 0.825025 0.825025 0 0 0 0 0 0 0 0 0.825 0.825025 0 0 0 0 0 0 0 0 0 0 0 0.825025 0 0 0.824939 0 0 0 0 0 0 0 0 0 0 0.824939 0 0.825025 0 0 0 0 0 0 0 0 0 0 0.825025 0 0.825025 0 0 0 0 0 0 0 0 0 0 0.825025 0 0.824939 0 0 0 0 0 0 0 0 0 0 0.824939 0 0.825025 0 0 0 0 0 0 0 0 0 0 0.825025 0 0.825025 0 0 0 0 0 0 0 0 0 0 0.825025 0 0.825025 0 0 0 0 0 0 0 0 0 0 0.825025 0 0.824938 0 0 0 0 0 0 0 0 0 0 0.824938 0 0 0.825 0 0 0 0 0 0 0 0 0 0 0 
C8H9NO3              CHEMBL107641                             
0 0.823294 0.825 0 0 0 0.830487 0 0 0 0 0 0.823294 0 0 0.823294 0 0 0 0 0 0 0 0.825 0.825 0 0 0 0.830487 0.823294 0 0 0 0 0 0 0 0.823294 0 0 0 0 0 0 0 0 0 0 0 0 0.830487 0 0 0 0 0 0.8333 0 0 0 0 0 0.823294 0 0 0 0 0 0 0.825 0 0 0.830487 0 0 0 0 0 0 0 0 0 0 0 0 0 0 0 0 0 0 0 0.830487 0.827484 0.825 0 0 0 0 0 0.8333 0 0 0.830487 0 0 0 0 0 0 0 0 0 0.825 0 0.827484 0 0 0 0 0 0 0 0 0 0 0 0.825 0 0 0 0 0 0.825 0 0 0 0 0 0 0 0 0 0 
C7H11NO4             CHEMBL107845                             
0 0.824911 0 0.818381 0 0.83218 0 0 0 0.827886 0 0 0.824911 0 0 0 0 0 0.819723 0 0 0 0.829911 0 0 0 0 0 0.825379 0 0 0.82588 0 0 0 0.828402 0.818381 0 0 0 0.827459 0 0 0 0 0 0 0 0 0 0.825379 0.827459 0 0 0 0 0.820842 0 0 0 0.83218 0 0 0 0 0 0 0 0.830234 0 0 0 0 0.819723 0 0 0 0 0 0 0 0 0 0 0 0 0.82588 0 0 0 0 0 0 0 0 0 0 0 0 0 0.820842 0.830234 0 0 0 0 0 0 0.827886 0 0 0 0 0 0 0 0 0 0 0 0 0.829911 0 0 0 0 0 0 0 0 0 0 0 0 0.828402 0 0 0 0 0 0 0 0 0 
C8H11N3O             CHEMBL107877                             
0 0.818323 0.828779 0 0 0 0 0.822534 0 0 0 0 0.818323 0 0 0 0 0 0.825 0 0 0 0 0 0.828779 0 0 0.820052 0.818323 0 0 0 0 0 0 0 0 0 0.820052 0 0 0 0 0 0 0.826771 0 0 0 0 0.818323 0 0 0 0 0 0.825 0 0 0 0 0 0 0 0 0 0.819616 0.825921 0 0 0 0 0 0.825 0 0 0 0.819616 0 0 0 0 0 0 0.822534 0 0 0 0 0.825921 0 0 0 0 0 0 0 0 0 0 0.825 0 0 0 0 0.820897 0 0 0 0 0 0.826771 0 0 0 0 0.820897 0 0 0.828779 0 0 0 0 0 0 0 0 0 0 0 0.822652 0 0 0 0 0 0 0 0 0 0.828779 0.822652 0 
C10H14O2             CHEMBL108014                             
0 0 0 0.825 0.823294 0 0 0 0.823294 0 0 0 0 0 0.833237 0 0 0.830487 0.825 0 0 0 0 0 0 0.833237 0 0 0 0 0 0.834135 0 0 0 0 0.825 0 0 0 0 0.823294 0 0 0 0 0 0 0.823294 0 0 0 0 0 0.830487 0 0 0 0 0 0 0.830487 0 0.823294 0 0 0 0 0 0 0 0 0 0.825 0 0 0.830487 0 0 0 0 0 0 0 0 0 0.834135 0 0 0 0 0 0 0 0.823294 0 0.823294 0 0 0 0 0 0 0 0 0 0 0 0 0 0 0 0 0 0 0 0 0 0.829294 0 0 0 0 0 0 0 0 0.823294 0 0.829294 0 0.828409 0 0 0 0 0 0 0 0 0 0 0.828409 0 
C9H16N2              CHEMBL108100                             
0 0.825406 0 0 0 0.827484 0 0 0 0 0 0 0.825406 0 0 0.823294 0 0 0 0 0 0 0 0 0 0 0 0.824382 0 0 0.817642 0 0 0 0 0 0 0.823294 0.824382 0 0 0 0 0 0 0.82878 0 0.823294 0 0 0 0 0 0.825 0 0.817642 0.817641 0 0 0 0.827484 0 0 0 0.825 0 0 0 0 0 0 0 0 0 0.817642 0 0 0 0 0 0 0 0.82623 0 0 0 0 0 0.817642 0 0 0 0 0 0 0 0 0 0 0 0.817641 0 0 0 0 0 0 0 0 0 0 0.82878 0 0 0 0 0 0 0.825 0 0 0 0 0 0 0 0.82623 0 0 0.825 0 0 0 0 0 0.823294 0 0 0 0 0 0 0 0 
C11H9N               CHEMBL109074         4-Phenyl-Pyridine   
0 0 0 0.595981 0.604669 0 0 0 0 0 0 0 0 0 0.6 0 0 0.601026 0.597477 0 0 0 0 0 0 0.6 0 0 0 0 0 0.601026 0.597477 0 0 0 0.595981 0 0 0 0 0.5958 0 0 0 0 0 0 0.604669 0 0 0 0 0 0.6 0 0 0 0 0 0 0.601026 0 0.5958 0 0 0 0 0 0 0 0 0 0.597477 0 0 0.6 0 0 0 0 0 0 0 0 0 0.601026 0 0 0 0 0 0 0.6 0 0 0 0 0.597477 0 0 0 0 0 0 0 0.6 0 0 0 0 0 0 0 0 0.6 0 0 0 0.601026 0 0 0 0 0 0 0 0 0.6 0 0 0.597477 0 0 0 0 0 0 0 0 0 0.601026 0.597477 0 
C8H11N3O             CHEMBL109130                             
0 0.818323 0.828779 0 0 0 0 0.822534 0 0 0 0 0.818323 0 0 0 0 0 0.825 0 0 0 0 0 0.828779 0 0 0.820052 0.818323 0 0 0 0 0 0 0 0 0 0.820052 0 0 0 0 0 0 0.826771 0 0 0 0 0.818323 0 0 0 0 0 0.825 0 0 0 0 0 0 0 0 0 0.819616 0.825921 0 0 0 0 0 0.825 0 0 0 0.819616 0 0 0 0 0 0 0.822534 0 0 0 0 0.825921 0 0 0 0 0 0 0 0 0 0 0.825 0 0 0 0 0.820897 0 0 0 0 0 0.826771 0 0 0 0 0.820897 0 0 0.828779 0 0 0 0 0 0 0 0 0 0 0 0.822652 0 0 0 0 0 0 0 0 0 0.828779 0.822652 0 
C8H12N2OS            CHEMBL109209                             
0 0.828779 0 0 0.825094 0 0 0 0 0 0 0 0.828779 0 0.822534 0 0 0 0.82878 0 0 0 0 0 0 0.822534 0 0.829234 0 0 0 0 0 0 0 0 0 0 0.829234 0 0.814325 0 0 0 0 0 0 0 0.825094 0 0 0.814325 0 0 0 0.821049 0 0 0 0 0 0 0 0 0 0 0 0 0.811958 0.825 0 0 0 0.82878 0 0 0 0 0 0 0 0 0.8167 0.827484 0 0 0 0 0.821049 0 0 0 0 0 0 0 0 0 0 0 0 0.811958 0 0 0 0 0.823294 0 0 0 0 0 0 0.825 0 0 0 0 0 0.820348 0 0 0 0 0 0 0.8167 0 0.823294 0 0 0 0 0 0 0 0 0 0.827484 0 0 0.820348 0 0 
C6H4Br2N4            CHEMBL109219                             
0 0 0 0.825148 0 0 0 0.822344 0 0 0 0 0 0 0.82063 0 0 0 0.821331 0 0 0 0 0 0 0.82063 0 0.825379 0.829202 0 0 0 0 0 0 0 0.825148 0 0.825379 0 0 0.82979 0 0 0 0 0 0 0 0 0.829202 0 0 0 0 0 0 0.822344 0 0 0 0 0 0.82979 0 0 0 0 0.821331 0 0 0 0 0.821331 0 0 0 0 0 0 0 0.825379 0.825148 0 0.822344 0 0 0 0 0 0 0 0.825379 0 0 0.825379 0 0 0 0 0 0.821331 0 0.825379 0 0 0 0 0 0 0 0 0.822344 0 0.825379 0 0 0 0 0 0 0 0 0 0 0 0.825148 0 0 0 0 0 0 0 0 0 0 0 0 0.825379 0 0 0 0 
C8H11ClN2O           CHEMBL109271                             
0 0.830487 0 0.823294 0 0 0 0 0 0 0 0 0.830487 0 0 0 0 0.823294 0.8333 0 0 0 0 0 0 0 0 0 0.823294 0 0 0.823294 0 0 0 0 0.823294 0 0 0 0.825 0 0 0 0 0 0 0 0 0 0.823294 0.825 0 0 0 0 0 0.827483 0 0 0 0.823294 0 0 0 0 0 0 0 0 0 0 0 0.8333 0 0 0 0 0 0 0 0.830487 0 0 0 0 0.823294 0 0 0 0 0 0 0 0.823294 0 0 0 0 0 0 0 0 0 0 0 0.826931 0 0 0 0 0 0.827483 0 0.830487 0 0 0 0 0 0 0 0 0 0 0 0 0.823294 0.826931 0 0 0.825 0 0 0 0 0 0 0 0 0 0 0.825 0 
C7H8N4S              CHEMBL109284                             
0 0.82063 0 0 0.821331 0 0 0 0 0 0 0 0.82063 0 0.825379 0.829202 0 0 0 0 0 0 0 0 0 0.825379 0 0 0 0.825148 0 0.82979 0 0 0 0 0 0.829202 0 0 0 0 0.822344 0 0 0 0 0 0.821331 0 0 0 0 0 0.825379 0 0 0 0.825148 0 0 0 0.825148 0 0 0 0 0 0.822344 0 0 0 0 0 0 0.822344 0.825379 0 0 0 0 0 0 0 0 0 0.82979 0 0 0 0 0 0 0.821331 0 0 0 0 0 0 0 0.822344 0 0 0 0.825379 0 0 0 0 0 0 0 0 0 0.821331 0.825379 0 0 0 0 0 0 0 0.825148 0 0 0 0 0 0 0.824052 0 0 0 0 0 0 0 0 0 0 0.824052 0 
C8H11FN2O            CHEMBL109767                             
0 0.830487 0 0.823294 0 0 0 0 0 0 0 0 0.830487 0 0 0 0 0.823294 0.8333 0 0 0 0 0 0 0 0 0 0.823294 0 0 0.823294 0 0 0 0 0.823294 0 0 0 0.825 0 0 0 0 0 0 0 0 0 0.823294 0.825 0 0 0 0 0 0.827483 0 0 0 0.823294 0 0 0 0 0 0 0 0 0 0 0 0.8333 0 0 0 0 0 0 0 0.830487 0 0 0 0 0.823294 0 0 0 0 0 0 0 0.823294 0 0 0 0 0 0 0 0 0 0 0 0.826931 0 0 0 0 0 0.827483 0 0.830487 0 0 0 0 0 0 0 0 0 0 0 0 0.823294 0.826931 0 0 0.825 0 0 0 0 0 0 0 0 0 0 0.825 0 
C8H12N2O2            CHEMBL110210                             
0 0 0.828779 0.825042 0 0 0 0 0 0 0 0 0 0 0.820052 0 0.826772 0 0 0 0 0 0 0 0.828779 0.820052 0 0 0 0 0.82623 0 0 0 0 0 0.825042 0 0 0 0.818323 0 0 0.824382 0 0 0 0 0 0.826772 0 0.818323 0 0 0 0 0 0 0 0 0 0 0 0 0 0 0 0 0.816121 0.825 0 0 0 0 0.82623 0 0 0 0 0 0 0 0.825 0.823294 0 0 0 0.824382 0 0 0 0 0 0 0 0 0 0 0 0 0 0.816121 0 0 0 0 0.823294 0 0 0 0 0 0 0.825 0 0 0 0 0 0.816121 0 0 0 0 0 0 0.825 0 0.823294 0 0 0 0 0 0 0 0 0 0.823294 0 0 0.816121 0 0 
C10H16NO             CHEMBL1104           Enlon               
0 0.711093 0 0 0 0.709652 0.703422 0.709602 0 0 0 0 0.711093 0 0.707541 0 0 0 0 0 0.7125 0 0 0 0 0.707541 0 0.707541 0 0 0 0 0 0 0 0 0 0 0.707541 0 0.707541 0 0 0 0 0 0.7125 0 0 0 0 0.707541 0 0 0 0 0 0 0 0 0.709652 0 0 0 0 0 0 0 0 0 0 0.707541 0.703422 0 0 0 0 0 0 0 0 0 0 0 0.709602 0 0 0 0 0 0 0 0 0 0 0 0 0.7125 0 0 0 0 0 0 0 0.707541 0 0 0 0 0 0 0 0 0 0 0.707541 0 0.707541 0 0 0 0 0.7125 0 0 0 0 0 0.707541 0 0 0 0 0 0 0 0.707541 0 0 0 0 0 0 
C8H12INO2            CHEMBL110410                             
0 0 0.823294 0 0 0 0.823294 0 0 0 0 0 0 0 0 0.825 0.830487 0.826931 0 0 0 0 0 0 0.823294 0 0 0 0.823294 0 0 0 0 0 0 0 0 0.825 0 0 0 0 0 0 0 0 0 0 0 0.830487 0.823294 0 0 0 0 0 0 0 0 0 0 0.826931 0 0 0 0 0 0 0.823294 0 0 0 0.823294 0 0 0 0 0 0 0.823294 0 0 0 0 0 0 0 0 0 0 0.823294 0 0 0 0 0 0 0 0 0 0 0.823294 0 0 0 0.823294 0 0 0 0 0 0 0 0 0 0 0.823294 0 0.823294 0 0 0 0 0 0 0 0 0 0 0.823294 0 0.823294 0 0 0 0 0 0 0 0 0 0 0.823294 0 
C9H18N2O             CHEMBL110498                             
0 0.827803 0.822534 0 0 0.825 0 0 0 0 0 0 0.827803 0 0 0.82623 0 0 0 0 0 0 0 0 0.822534 0 0 0 0.830098 0 0 0 0 0 0 0 0 0.82623 0 0 0.825042 0 0.829234 0 0 0 0 0 0 0 0.830098 0.825042 0 0 0 0.823449 0 0 0 0 0.825 0 0 0 0 0 0 0 0 0 0 0 0 0 0 0.829234 0 0 0 0 0.817389 0 0 0 0 0 0 0 0.823449 0 0 0 0 0.82588 0 0 0 0 0 0 0 0 0.817389 0 0 0 0.822534 0 0 0 0 0 0 0 0 0.82588 0 0 0 0.830183 0 0 0 0 0 0 0 0 0.822534 0 0 0 0 0 0 0 0 0 0 0 0 0.830183 0 0 
C8H9N3O              CHEMBL110615         N-Benzoyl-Guanidine 
0 0.825025 0 0 0 0 0 0.826047 0 0 0 0.820403 0.825025 0 0.824939 0.825 0 0 0 0 0 0 0 0 0 0.824939 0 0 0.825025 0 0 0 0 0 0 0 0 0.825 0 0 0 0 0 0 0 0 0 0 0 0 0.825025 0 0 0.825025 0.825 0 0 0 0 0 0 0 0 0 0.825025 0 0 0 0 0 0 0 0 0 0 0 0.825 0 0 0 0 0 0 0 0.826047 0 0 0 0 0 0 0 0.824242 0 0 0 0 0 0 0 0 0 0 0.824242 0 0.8258 0 0 0 0 0 0 0 0 0 0 0.8258 0 0.829309 0 0 0 0 0 0 0 0 0 0 0.829309 0 0.82285 0.820403 0 0 0 0 0 0 0 0 0 0.82285 0 
C6H7N5S              CHEMBL110648                             
0 0 0 0.6 0 0 0.601026 0 0.597477 0 0 0 0 0 0 0 0 0.600057 0.597477 0 0 0 0 0 0 0 0 0 0.597477 0 0 0.601026 0 0 0 0 0.6 0 0 0 0 0 0 0 0 0 0 0 0 0 0.597477 0 0 0 0 0 0 0.6 0 0 0 0.600057 0 0 0 0 0 0.597477 0 0 0 0 0.601026 0.597477 0 0 0 0 0 0 0 0 0 0 0 0 0.601026 0 0 0.597477 0 0 0 0 0.6 0 0.597477 0 0 0 0 0 0 0 0 0 0 0 0 0 0 0 0.6 0 0 0 0 0 0 0.597477 0 0 0 0 0 0 0 0.6 0 0 0 0.601026 0 0 0 0 0 0 0 0 0 0.597477 0.601026 0 
C7H13NO4             CHEMBL111050         2-Amino-Heptanedioic
0 0 0.826931 0 0.823294 0.825 0 0 0 0 0 0 0 0 0 0.823294 0 0 0 0.826931 0.825 0 0 0 0.826931 0 0 0 0 0 0 0 0 0 0 0 0 0.823294 0 0 0 0 0 0 0 0 0 0 0.823294 0 0 0 0 0 0.830487 0 0 0.825 0 0 0.825 0 0 0 0 0 0 0 0 0 0 0 0 0 0 0 0.830487 0 0 0 0 0 0 0 0 0.826931 0 0 0 0 0 0 0 0 0 0 0 0.825 0 0 0 0 0 0 0 0 0.826931 0 0 0 0 0 0.825 0 0 0 0 0 0 0.823294 0 0 0 0 0 0 0 0 0.826931 0 0 0.825 0 0 0 0 0 0 0 0 0 0.823294 0.825 0 
C9H14N2O             CHEMBL111120                             
0 0 0.825042 0 0 0 0 0 0 0 0.82501 0 0 0 0 0 0 0 0 0.825379 0.712281 0 0 0.828789 0.825042 0 0 0 0 0 0 0 0 0 0 0 0 0 0 0 0.825406 0.833811 0.667668 0 0 0 0 0 0 0 0 0.825406 0 0 0 0 0 0.825042 0 0 0 0 0 0.833811 0 0 0 0 0.933255 0 0 0 0 0 0 0.667668 0 0 0 0.98306 0 0 0 0 0 0.825379 0 0 0 0 0.98306 0 0 0 0 0 0 0.712281 0 0 0 0.933255 0 0 0 0 0 0 0 0 0 0 0.825042 0 0 0 0 0 0.827484 0 0.82501 0 0 0 0 0 0 0 0 0.827484 0 0 0 0.828789 0 0 0 0 0 0 0 0 0 0 
C8H15N3S             CHEMBL111168                             
0 0.710116 0 0.706205 0 0 0 0 0 0 0 0 0.710116 0 0.703412 0 0 0 0 0 0.708304 0 0 0 0 0.703412 0 0 0.706236 0 0 0 0 0 0 0 0.706205 0 0 0 0.7 0.712529 0 0 0 0 0 0 0 0 0.706236 0.7 0 0 0 0 0 0 0 0 0 0 0 0.712529 0 0 0 0.712453 0 0 0 0 0 0 0 0 0 0 0 0.712588 0 0 0.708359 0.708343 0 0 0 0 0 0.712453 0.712588 0 0 0 0 0 0 0.708304 0 0 0 0 0 0 0 0.708313 0 0 0 0 0 0 0 0 0 0 0.708313 0 0 0 0 0 0 0 0 0 0.708359 0 0 0 0 0 0 0 0 0 0 0 0.708343 0 0 0 0 0 
C11H14O              CHEMBL111194         2-Cyclopentyl-Phenol
0 0.830487 0.823294 0 0.8333 0 0 0 0 0 0 0 0.830487 0 0 0.825 0 0.827483 0 0 0 0 0 0 0.823294 0 0 0 0 0 0.820725 0.828793 0 0 0 0 0 0.825 0 0 0 0 0 0 0 0 0 0 0.8333 0 0 0 0 0 0 0 0.830487 0 0 0 0 0.827483 0 0 0 0 0 0 0 0.825 0 0 0 0 0.820725 0 0 0 0 0 0 0 0 0.823199 0 0 0.828793 0 0 0 0 0 0 0 0.827027 0 0 0 0 0 0.830487 0 0 0 0 0.823294 0 0 0 0 0 0 0 0.825 0 0 0.823294 0 0 0 0 0 0 0 0 0 0 0.827027 0 0 0 0.830487 0 0 0 0 0 0 0.823199 0 0 0 0.830487 0 
C8H10FN3             CHEMBL111272                             
0 0.828409 0.829211 0.823294 0 0 0 0 0 0 0 0 0.828409 0 0 0 0 0 0 0 0 0 0 0 0.829211 0 0 0 0.826931 0 0 0 0 0 0 0 0.823294 0 0 0 0 0 0 0 0 0 0 0 0 0 0.826931 0 0 0 0 0.825011 0 0 0 0 0 0 0 0 0 0 0.825 0.823294 0 0 0 0 0 0 0 0 0 0.825 0 0 0.83085 0 0.823294 0 0 0 0 0 0.825011 0.823294 0 0 0 0 0 0.823294 0 0 0 0 0 0 0.83085 0 0 0 0 0 0 0 0 0 0 0 0 0 0 0 0.823294 0.825 0 0 0 0 0 0 0.823294 0 0 0.823294 0 0 0 0 0 0 0 0 0 0.823294 0 0.825 0 0 
C9H13NO2             CHEMBL111361                             
0 0.823294 0.826931 0 0 0 0 0 0 0.825042 0 0 0.823294 0 0 0.8333 0 0 0.819166 0 0 0 0 0 0.826931 0 0 0 0.8333 0 0 0 0 0 0 0 0 0.8333 0 0 0 0.823294 0 0 0 0 0 0 0 0 0.8333 0 0 0.826931 0 0 0.823294 0 0 0 0 0 0 0.823294 0.826931 0 0 0 0 0 0 0 0 0.819166 0 0 0 0 0 0 0 0 0 0.830487 0 0 0 0 0 0 0 0 0 0 0.825042 0 0 0 0 0 0.823294 0 0 0 0 0 0 0 0.825042 0 0 0 0 0 0 0 0 0 0.830487 0 0 0 0 0 0 0 0 0.825042 0 0.830487 0 0 0 0 0 0 0 0 0.830487 0 0 0 0 0 
C7H5N5               CHEMBL111455                             
0 0.820061 0.825379 0.825109 0 0 0 0 0 0 0 0 0.820061 0 0 0 0.822344 0 0 0 0 0 0 0 0.825379 0 0 0 0 0 0.831702 0 0 0 0.822969 0 0.825109 0 0 0 0 0 0 0.825359 0 0 0 0 0 0.822344 0 0 0 0 0 0.825262 0 0.828817 0 0 0 0 0 0 0 0 0 0 0 0 0.821332 0.825378 0 0 0.831702 0 0 0 0 0 0 0 0 0.822344 0 0 0 0.825359 0.825262 0 0 0 0 0 0 0 0 0 0 0 0 0 0 0 0 0.825109 0 0 0 0 0 0 0.828817 0 0 0 0.825109 0 0 0 0 0 0.822969 0 0 0.821332 0 0 0 0 0 0 0 0 0 0 0 0.825378 0.822344 0 0 0 0 0 
C9H16N2O             CHEMBL111679                             
0 1.27944 0.675236 0 0 0 0 0 0 0.715891 0 0 1.27944 0 0 0 0 0.785646 0 0.71535 0 0 0 0 0.675236 0 0 0 0.855129 0 0 0 0.752804 0 0 0 0 0 0 0 1.275 0.738664 0.638439 0 0 0 0 0 0 0 0.855129 1.275 0 0 0 0 0 0 0 0 0 0.785646 0 0.738664 0 0 0 0 0 0 0 0 0 0 0 0.638439 0 0 0 0 0 0 0.7625 0 0 0.71535 0 0 0 0 0 0 0.717773 0 0 0 0 0 0.752804 0 0 0 0 0.717773 0 0 0 0 0.715891 0 0 0 0 0 0 0 0 0 0 0 0 0 0 0 0 0 0.7625 0 0 0 0 0.76176 0 0 0 0 0 0 0 0 0 0 0.76176 0 
C7H18NO3P            CHEMBL111817                             
