C7H7N3O2S            CHEMBL100009                             
0 0.60883 0.604669 0 0 0 0.755152 0.799384 0 0 0 0 0 0.60883 0 0 0.6042 0 0 0 0 0 0 0 0 0 0.604669 0 0 0 0 0.6083 0 0 0.597477 0 0 0 0 0 0.6042 0 0 0.604669 0 0 0 0 0.601026 0 0 0 0 0 0 0.604669 0 0.606764 0 0 0 0 0 0 0 0 0 0.6083 0 0.606764 0 0 0 0 0 0.597477 0 0 0.755152 0 0 0 0 0 0 0 0 0 0 0 0 0.799384 0 0 0 0 0 0 0 0 0 0 0 0 0 0 0.597477 0 0 0 0 0 0 0 0 0.601026 0 0 0 0 0.601026 0 0 0 0 0 0 0 0 0 0 0 0 0 0 0.597477 0 0 0 0 0 0 0.605212 0 0 0 0 0 0 0 0 0.601026 0 0 0 0.6 0 0 0 0 0 0 0 0 0 0 0.605212 0.6 0 
C4H13NO6P2           CHEMBL100041                             
0 0 0.826271 0 0.776022 0 0.823304 0 0.82503 0 0 0 0 0 0 0.828636 0.844319 0 0.823304 0 0.822916 0 0 0 0 0 0.826271 0.828636 0 0 0 0 0 0 0 0.819974 0 0 0 0 0.844319 0 0 0 0 0 0 0 0 0 0 0 0.776022 0 0 0 0 0 0 0 0 0 0 0 0 0 0.823304 0 0 0 0 0 0 0 0 0 0 0 0.823304 0 0 0 0 0 0 0 0 0 0 0 0 0 0.822916 0 0 0 0 0 0 0 0 0 0 0 0.82503 0 0 0 0 0 0 0 0 0 0 0 0 0 0 0.819974 0 0 0 0 0 0 0 0 0 0.828636 0 0 0 0 0 0 0 0 0 0 0 0.817163 0 0 0 0 0 0 0 0 0 0 0 0.817163 0 0.827364 0 0 0 0 0 0 0 0 0 0.828636 0 0.827364 0 
C8H13NO4             CHEMBL100208                             
0 0.825011 0.823294 0.830487 0 0 0 0 0 0 0 0 0 0.825011 0 0.826931 0 0.827484 0 0 0 0 0 0 0 0 0.823294 0.826931 0 0 0 0 0 0 0 0.825094 0 0 0 0.830487 0 0 0 0 0.825042 0 0 0.827483 0 0 0 0.823293 0 0.827484 0 0 0 0 0.825042 0 0 0 0.826931 0 0 0 0 0 0.825042 0 0 0 0.823294 0 0 0 0.823294 0 0 0 0 0 0.825042 0 0 0 0 0 0 0 0 0 0 0 0 0 0.823294 0 0 0 0 0 0 0 0 0 0 0.827483 0 0 0 0 0 0 0 0 0 0 0 0.825094 0 0 0 0 0 0 0 0 0 0 0 0 0 0 0.826931 0 0 0 0 0 0 0 0 0 0 0 0 0 0.823294 0 0 0 0 0 0 0 0 0 0 0.823293 0 0 0 0 0 0 0 0 0 
C7H9N5O              CHEMBL100216                             
0 0 0.604669 0 0 0.601026 0 0 0 0 0 0 0 0 0 0.600057 0 0.597477 0 0 0 0.606114 0 0 0 0 0.604669 0.600057 0 0 0 0 0.60351 0 0 0 0 0 0 0 0 0 0 0.601027 0.6 0 0 0 0 0 0.597477 0 0 0.597477 0 0.601027 0 0 0 0 0 0 0.600057 0 0 0.601026 0 0 0.6 0 0 0 0 0 0.597477 0 0 0 0 0 0.60351 0 0 0 0 0.606892 0 0 0 0 0.596913 0 0 0 0 0 0 0.606892 0 0.598341 0 0 0 0 0 0.606114 0 0 0 0 0 0.598341 0 0 0 0 0 0 0 0 0 0 0.597477 0 0 0 0 0 0 0 0 0 0 0 0.600057 0 0 0 0 0 0 0 0 0 0 0 0.597477 0 0 0 0 0 0 0 0 0 0 0 0 0 0 0 0.596913 0 0 0 0 0 0 
C11H12FN             CHEMBL100286                             
0 0.825 0 0.827483 0 0 0 0 0 0 0 0.830487 0 0.825 0 0 0 0.819167 0.817102 0 0 0 0 0 0 0 0 0 0 0 0 0 0 0 0 0 0.823294 0 0.830487 0.827483 0 0 0 0 0 0 0 0 0 0.825 0 0 0 0.819167 0 0 0 0 0 0 0.825 0 0 0 0 0 0.817102 0 0 0 0 0 0.825095 0 0 0 0 0 0 0 0 0 0 0 0 0.832581 0.826931 0.825042 0 0 0 0 0 0 0 0 0.825095 0.832581 0 0 0 0 0 0 0 0 0 0 0.825 0 0.826931 0 0 0 0 0 0 0 0 0 0 0 0 0.825042 0 0 0 0 0 0 0 0 0.823294 0.825 0 0 0 0 0 0 0 0 0 0.830487 0 0 0 0 0 0 0 0 0 0 0 0.8333 0 0 0.830487 0 0 0 0 0 0 0 0 0.8333 0 
C7H7N3O2S            CHEMBL100342                             
0 0.60883 0.604669 0 0 0 0.755153 0.799384 0 0 0 0 0 0.60883 0 0 0.6042 0 0 0 0 0 0 0 0 0 0.604669 0 0 0 0 0.6083 0 0 0 0.597477 0 0 0 0 0.6042 0 0 0.604669 0 0 0 0 0 0 0.601026 0 0 0 0 0.604669 0 0.606764 0 0 0 0 0 0 0 0 0 0.6083 0 0.606764 0 0 0 0 0 0.597477 0 0 0.755153 0 0 0 0 0 0 0 0 0 0 0 0 0.799384 0 0 0 0 0 0 0 0 0 0 0 0 0 0 0 0 0 0 0 0 0 0.601026 0 0 0.6 0 0 0.597477 0 0 0 0 0 0.601026 0 0 0 0 0 0 0 0 0 0.597477 0 0 0 0 0 0 0.605212 0 0 0 0.601026 0 0 0 0 0 0 0 0 0 0 0 0 0 0 0 0 0 0.6 0 0.605212 0 0 
C6H7N5O2             CHEMBL100345                             
0 0.823294 0 0 0.8167 0 0.82623 0 0 0 0 0 0 0.823294 0 0 0.819167 0 0 0 0 0 0 0 0.825 0 0 0 0 0.825 0 0.827484 0 0 0 0 0 0 0.823294 0 0.819167 0.825 0 0 0 0 0 0 0.823294 0 0 0 0.8167 0 0 0 0 0.827484 0 0 0.816911 0 0 0 0 0 0 0.827484 0 0.827484 0 0 0 0 0 0.825 0 0 0.82623 0 0 0 0 0 0 0.818605 0 0 0 0 0 0 0 0 0 0 0 0.818605 0 0.819155 0 0 0 0 0 0 0 0 0.816911 0 0 0.819155 0 0 0 0 0 0 0 0 0.823294 0 0 0 0 0 0 0 0 0 0 0 0 0 0 0.825 0 0 0 0 0 0 0 0 0.825 0 0 0 0 0 0 0 0 0 0 0 0 0 0.823294 0 0 0 0 0 0 0 0 0 0 
C7H7N3O2S            CHEMBL100515                             
0 0.604669 0.60883 0 0 0 0 0.755152 0.799384 0 0 0 0 0.604669 0 0 0 0.6083 0 0.597477 0 0 0 0 0 0 0.60883 0 0 0.6042 0 0 0 0 0 0 0 0 0 0 0 0.6042 0 0 0.604669 0 0 0 0 0 0 0 0 0.6083 0 0 0 0.606764 0 0 0 0 0.597477 0 0 0 0 0 0.604669 0.606764 0 0 0 0 0.600015 0 0 0 0 0.597477 0 0 0 0 0 0 0 0 0 0.601026 0 0.755152 0 0 0 0 0 0 0 0 0 0 0 0 0.799384 0 0 0 0 0 0 0 0 0 0 0 0 0 0 0 0 0 0.600015 0 0 0 0 0 0 0 0 0 0 0 0.597477 0 0 0 0 0 0 0 0.605212 0 0 0 0 0 0 0.601026 0 0 0 0 0 0.6 0 0 0 0 0 0 0 0 0 0 0.605212 0.6 0 
C6H6N4O2S            CHEMBL100639                             
0 0.60883 0.604669 0 0 0 0.755152 0.799384 0 0 0 0 0 0.60883 0 0 0.6042 0 0 0 0 0 0 0 0 0 0.604669 0 0 0 0 0.6083 0 0 0 0 0.597477 0 0 0 0.6042 0 0 0.60883 0 0 0 0 0.605212 0 0 0 0 0 0 0.60883 0 0.610967 0 0 0 0 0 0 0 0 0 0.6083 0 0.610967 0 0 0 0 0 0 0.597477 0 0.755152 0 0 0 0 0 0 0 0 0 0 0 0 0.799384 0 0 0 0 0 0 0 0 0 0 0 0 0 0 0 0 0 0 0 0 0 0 0.601026 0 0.6 0 0 0 0.605212 0 0 0 0 0 0 0 0 0 0 0 0.597477 0 0 0 0 0 0.601026 0 0 0 0 0 0 0 0 0 0.597477 0 0 0 0 0 0 0.605212 0 0 0 0 0 0 0 0 0.6 0 0 0.605212 0 
C9H9N3S              CHEMBL100775                             
0 0.815667 0.829532 0.821679 0 0 0 0 0 0 0 0 0 0.815667 0 0 0 0.825517 0 0 0 0 0 0 0 0 0.829532 0 0 0 0 0 0.824053 0 0 0 0 0 0 0.821679 0 0 0 0 0.817962 0 0 0 0 0 0 0 0 0.825517 0 0 0 0.807139 0 0 0 0 0 0 0 0 0 0 0.817962 0.807139 0 0 0 0.827742 0 0 0 0 0 0 0.824053 0 0 0 0 0.820601 0 0 0.823758 0 0 0 0 0 0 0 0 0.820601 0 0 0.824053 0 0 0 0 0 0 0 0 0.827742 0 0 0 0 0 0 0 0 0 0 0 0 0 0 0.824053 0 0 0 0.829531 0 0 0 0 0 0 0 0.823758 0 0 0 0 0 0.824053 0 0 0 0 0 0 0 0 0 0.829531 0 0 0.831153 0 0 0 0 0 0 0 0 0 0 0.824053 0.831153 0 
C7H9N3O2S            CHEMBL101158                             
0 0.604669 0.60883 0 0 0.755152 0.799384 0 0 0 0 0 0 0.604669 0 0 0 0 0 0 0.6083 0.597477 0 0 0 0 0.60883 0 0 0 0.6042 0 0 0 0 0.604669 0 0 0 0 0 0 0 0.604669 0 0 0.606764 0 0 0 0 0 0 0 0.6042 0.604669 0 0 0 0 0 0 0 0 0 0.755152 0 0 0 0 0 0 0 0 0 0 0 0 0.799384 0 0 0 0 0 0 0 0 0 0 0 0 0 0.6083 0 0.606764 0 0 0 0 0 0 0 0.597477 0 0 0.597477 0 0 0 0 0 0 0 0 0.601026 0 0 0 0 0.604669 0 0 0 0 0 0 0 0 0 0 0 0 0 0 0 0 0 0 0.601026 0 0 0 0.6 0 0 0 0 0 0 0 0.597477 0 0 0 0 0.605212 0 0 0 0 0 0 0 0 0 0 0.6 0.605212 0 
C10H14N2O            CHEMBL101180                             
0 0.823293 0 0 0 0 0 0 0.826932 0 0 0 0 0.823293 0 0 0 0 0.826396 0 0 0 0 0 0 0 0 0 0 0.825 0.823294 0 0 0.826931 0 0 0 0 0 0 0 0.825 0 0 0 0 0 0 0.823294 0 0 0 0 0 0.823294 0 0 0 0 0 0 0 0.823294 0 0 0 0.826396 0 0 0 0 0.825406 0 0 0 0 0 0 0 0 0 0 0 0.825406 0 0 0 0.823294 0.825 0 0 0 0 0.826931 0 0 0 0 0 0 0 0 0.823294 0.825 0.826932 0 0 0 0 0 0 0 0 0 0 0 0 0 0 0 0.823294 0 0 0.823294 0 0 0 0 0 0 0 0 0 0 0.823294 0 0.825 0 0 0 0 0 0 0 0 0 0 0 0 0 0.823294 0 0 0 0 0 0 0 0 0 0 0 0 0.825 0 0 0 0 0 
C9H22N4              CHEMBL101419                             
0 0.823293 0.823294 0.825 0 0 0 0 0 0 0 0 0 0.823293 0 0 0 0 0 0 0 0 0 0 0 0 0.823294 0 0 0 0 0.823294 0 0 0 0 0 0 0 0.825 0 0 0 0 0 0 0 0 0 0 0 0 0 0 0 0 0 0 0.819167 0 0 0 0 0 0 0 0 0.823294 0 0 0 0 0.823294 0 0 0 0 0 0 0 0 0 0.819167 0 0 0 0.823294 0 0 0 0 0 0 0 0 0 0.823294 0 0 0 0 0.823294 0 0 0 0 0 0 0 0 0.823294 0 0 0 0 0.823294 0 0 0 0 0 0 0 0 0 0 0 0.823293 0 0.823294 0 0 0 0 0 0 0 0.823294 0 0.823293 0 0 0 0 0 0 0 0 0 0 0 0.823294 0 0 0 0.823294 0 0 0 0 0 0 0 0 0 0.823294 0 0.823294 0 
C7H9N3O2S            CHEMBL101498                             
0 0.60883 0.604669 0 0 0 0.755153 0.799384 0 0 0 0 0 0.60883 0 0 0 0 0.6042 0 0 0 0 0 0 0 0.604669 0 0 0.6083 0 0 0 0 0 0.597477 0 0 0 0 0 0.6083 0 0.606764 0 0 0 0.597477 0 0 0 0 0 0 0 0.606764 0 0.604669 0 0 0 0 0 0 0 0 0.6042 0 0 0.604669 0 0 0 0 0 0.605212 0 0 0.755153 0 0 0 0 0 0 0 0 0 0 0 0 0.799384 0 0 0 0 0 0 0 0 0 0 0 0 0 0 0 0.597477 0 0 0 0 0 0 0 0.605212 0 0 0 0.597477 0 0 0 0 0 0 0 0 0 0.601026 0 0 0 0 0 0.605212 0 0 0 0 0 0 0 0 0 0 0 0 0 0 0 0.605212 0 0 0 0.6 0 0 0 0 0 0 0 0 0 0.601026 0 0.6 0 
C7H5FO4S             CHEMBL101626         4-Fluorosulfonyl-Benzoic
0 0.825 0 0.825 0.825 0 0.825 0 0 0 0 0 0 0.825 0 0 0 0 0 0 0 0.830487 0.823294 0 0 0 0 0 0 0 0 0.825 0 0.823294 0 0 0 0 0.823294 0.825 0 0 0 0 0 0 0 0 0 0 0 0 0.825 0 0 0 0 0 0 0 0 0 0 0 0 0 0 0.825 0 0 0 0 0 0 0 0.830487 0.827484 0 0.825 0 0 0 0 0 0 0 0 0 0 0 0 0 0 0.823294 0 0 0 0 0 0 0 0 0 0 0 0.830487 0 0 0 0 0 0 0 0 0.8333 0 0 0 0.823294 0 0 0 0 0 0 0 0 0 0.825 0 0 0 0 0 0 0.830487 0 0 0.8333 0 0 0 0 0 0 0 0 0 0.827484 0 0 0 0.825 0 0 0 0 0 0.823294 0 0 0 0 0 0 0 0 0 0 
C11H12ClN            CHEMBL101664                             
0 0.826901 0 0 0 0.822205 0 0 0 0 0 0 0.824515 0.826901 0 0.824952 0 0 0 0 0 0 0 0 0 0 0 0.824952 0 0.826761 0 0 0 0 0 0 0 0 0 0 0 0.826761 0 0.830005 0 0.824462 0 0 0 0 0 0 0 0 0 0.830005 0 0.823616 0 0 0 0 0 0 0 0.822205 0 0 0 0.823616 0 0 0 0 0 0 0 0 0 0 0 0.824462 0 0 0 0.825402 0 0 0 0.82326 0 0 0 0 0 0 0 0.825402 0 0.820948 0 0 0 0 0 0 0 0 0 0 0 0.820948 0 0.824856 0 0 0 0 0 0 0 0 0 0 0 0.824856 0 0.825501 0 0 0 0 0 0 0 0 0 0 0 0.825501 0 0.827098 0 0 0 0 0 0 0 0.82326 0 0 0 0.827098 0 0 0.824515 0 0 0 0 0 0 0 0 0 0 0 0 
C7H9N3O2S            CHEMBL101702                             
0 0.827001 0 0.822565 0 0 0 0 0 0 0 0 0 0.827001 0 0.825212 0 0 0 0 0 0 0 0 0 0 0 0.825212 0 0 0 0.824304 0 0 0 0 0 0 0 0.822565 0 0 0 0.823665 0 0 0 0 0 0 0 0 0 0 0 0.823665 0 0.828201 0 0 0 0.82591 0 0 0 0 0 0.824304 0 0.828201 0 0.823531 0 0 0 0 0 0 0 0 0 0 0 0.823531 0 0.827473 0 0 0.824838 0.820577 0 0 0 0 0 0 0 0.827473 0 0.828201 0 0 0 0 0 0 0 0 0 0 0 0.828201 0 0.829682 0 0 0 0 0 0 0 0.82591 0 0 0 0.829682 0 0 0 0.8246 0 0 0 0 0 0 0.824838 0 0 0 0 0 0 0 0 0 0 0 0 0.820577 0 0 0 0 0 0 0 0 0 0 0 0 0 0 0 0.8246 0 0 0 
C7H7N3O2S            CHEMBL101720                             
0 0.60883 0.604669 0 0 0 0.755153 0.799384 0 0 0 0 0 0.60883 0 0 0 0 0.6042 0 0 0 0 0 0 0 0.604669 0 0 0.6083 0 0 0 0 0 0.597477 0 0 0 0 0 0.6083 0 0.606764 0 0 0 0.597477 0 0 0 0 0 0 0 0.606764 0 0.604669 0 0 0 0 0 0 0 0 0.6042 0 0 0.604669 0 0 0 0 0 0.601026 0 0 0.755153 0 0 0 0 0 0 0 0 0 0 0 0 0.799384 0 0 0 0 0 0 0 0 0 0 0 0 0 0 0 0.597477 0 0 0 0 0 0 0 0.605212 0 0 0 0.597477 0 0 0 0 0 0 0 0 0 0.601026 0 0 0 0 0 0.601026 0 0 0 0 0 0 0 0 0 0 0 0 0 0 0 0.605212 0 0 0 0.6 0 0 0 0 0 0 0 0 0 0.601026 0 0.6 0 
C11H10N2             CHEMBL101799         5-Methyl-[2,2']Bipyridinyl
0 0.881195 0 0 0 0.881195 0 0 0 0 0 0 0 0.881195 0 0 0.879098 0.887501 0 0 0 0 0 0 0 0 0 0 0 0.8875 0 0 0 0 0.886306 0 0 0 0 0 0.879098 0.8875 0 0 0 0 0 0 0.883258 0 0 0 0 0.887501 0 0 0 0 0 0.883258 0 0 0 0 0 0.881195 0 0 0 0 0 0.887501 0 0 0 0 0 0 0 0 0 0 0 0.887501 0 0.883257 0 0 0.879097 0 0 0 0 0 0 0.883258 0 0.883257 0 0 0 0 0 0 0 0 0.886306 0 0 0 0 0 0 0 0 0.883257 0 0 0 0 0.883258 0 0 0 0 0 0 0 0 0.879098 0 0 0 0 0 0 0.879097 0 0 0 0 0 0 0 0 0 0 0 0 0 0 0.883257 0 0 0 0.88754 0 0 0 0 0 0 0 0 0 0.879098 0 0.88754 0 
C10H11N3             CHEMBL101878                             
0 0 0.722086 0.731849 0 0 0 0 0 0 0 0 0.726006 0 0 0.725012 0 0.724699 0 0 0.729709 0 0 0 0 0 0.722086 0.725012 0 0 0 0 0 0 0.733357 0 0 0 0 0.731849 0 0 0 0.720892 0 0 0 0 0 0 0 0 0 0.724699 0 0.720892 0 0 0 0 0 0 0 0 0 0 0 0 0 0 0 0.722517 0 0 0.725 0 0.722517 0 0 0 0 0 0 0.722517 0 0.722517 0 0 0.725 0 0 0 0.729709 0 0 0 0 0.722517 0 0 0 0 0 0 0 0 0.733357 0 0 0 0 0 0 0 0.722517 0 0 0 0 0 0 0 0.725 0 0 0 0 0 0 0 0 0 0 0 0 0 0.725 0 0.722517 0 0 0 0 0 0 0 0 0 0.722517 0 0 0 0 0 0 0 0.726006 0 0 0 0 0 0 0 0 0 0 0 0 
C9H10N2O2            CHEMBL101963                             
0 0.604669 0 0.6 0 0 0 0.593849 0 0 0 0 0 0.604669 0 0 0 0.60026 0 0 0 0 0 0 0 0 0 0 0 0 0.6 0.593849 0.60467 0 0 0 0 0 0 0.6 0 0 0 0 0.610968 0 0 0 0 0 0 0 0 0.60026 0.6 0 0 0 0 0 0.604669 0 0 0 0 0 0 0.593849 0.610968 0 0 0 0 0 0 0 0 0 0 0 0.60467 0 0 0 0 0 0 0.593849 0 0 0 0.593849 0 0 0 0 0 0 0 0 0 0 0 0 0 0 0 0 0.604669 0 0 0 0 0 0.593849 0 0 0 0 0 0 0 0 0.593849 0 0 0 0.6 0.604669 0 0 0 0 0 0 0 0 0 0.593849 0.6 0 0 0 0 0 0 0 0 0 0 0 0 0.604669 0 0 0.604669 0 0 0 0 0 0 0 0 0 0 0 0.604669 0 
C7H18N6              CHEMBL101996                             
0 0 0.823293 0 0 0.823294 0 0.825 0 0 0 0 0 0 0 0 0.825 0.826931 0 0.823294 0 0 0 0 0 0 0.823293 0 0 0 0 0 0 0 0 0 0 0 0 0 0.825 0 0 0 0 0 0 0 0 0 0 0 0 0.826931 0 0 0 0 0 0 0 0.823294 0 0 0 0.823294 0 0 0 0 0 0 0 0.823294 0 0 0 0 0 0.823294 0 0 0 0 0 0 0 0 0 0 0 0.825 0 0 0 0 0 0 0 0 0 0 0 0 0 0 0 0 0 0.823294 0 0 0 0 0 0.823294 0 0 0 0 0 0.823294 0 0 0 0 0 0.823294 0 0 0 0 0 0 0 0 0 0 0 0.823294 0 0 0.823293 0 0 0 0 0 0 0 0 0.823294 0 0 0 0.823294 0 0 0 0 0 0 0 0 0 0 0.823293 0.823294 0 
C7H13NO4S            CHEMBL102084                             
0 0.878247 0.8875 0.879097 0 0 0 0 0 0 0 0 0 0.878247 0 0 0 0 0.883884 0.887588 0 0 0 0 0 0 0.8875 0 0 0 0.886306 0 0 0.881196 0 0 0 0 0 0.879097 0 0 0 0 0 0 0 0.886306 0 0 0 0 0 0 0.886306 0 0 0 0 0 0 0 0 0 0 0 0.883884 0 0 0 0 0 0 0 0 0 0 0 0 0.887588 0 0 0 0 0 0 0 0 0 0 0 0 0 0.881196 0 0 0 0 0 0 0 0 0 0 0 0 0 0.886306 0 0 0 0 0 0 0 0.879098 0 0 0 0 0 0 0 0 0 0 0 0 0 0.879097 0 0 0 0 0 0 0 0 0 0 0 0.8875 0 0 0 0 0 0 0 0 0 0.879098 0 0.8875 0 0.879098 0 0 0 0 0 0 0 0 0 0.879097 0 0.879098 0 
C11H16N2             CHEMBL102246                             
0 0.823683 0 0 0 0.825649 0.825002 0 0 0 0 0 0 0.823683 0 0.827742 0 0 0 0 0.82883 0 0 0 0 0 0 0.827742 0 0 0.813544 0 0 0 0.816148 0 0 0 0 0 0 0 0 0.825864 0 0 0 0 0.810208 0 0 0 0 0 0.813544 0.825864 0 0 0 0 0 0 0 0 0 0.825649 0 0 0 0 0 0 0 0 0 0 0 0 0.825002 0 0 0 0 0 0 0 0 0 0 0.815667 0 0 0.82883 0 0 0 0 0 0 0 0 0 0 0.819113 0 0 0.816148 0 0 0 0 0 0 0 0.811613 0 0 0 0 0 0.810208 0 0 0 0 0 0 0.827742 0 0 0 0 0 0 0 0 0 0 0.811613 0.827742 0 0 0 0 0 0 0 0 0 0.815667 0 0 0 0 0 0.82883 0 0 0 0 0 0 0 0.819113 0 0 0 0.82883 0 
C10H13NO2            CHEMBL102510                             
0 0.825 0.823294 0 0.823294 0 0 0 0 0 0 0 0 0.825 0 0 0 0 0 0 0 0 0 0 0 0 0.823294 0 0 0 0 0 0.823294 0 0 0 0 0 0 0 0 0 0 0 0 0 0.826931 0.825 0 0 0 0 0.823294 0 0 0 0 0.830487 0 0 0 0 0 0 0 0 0 0 0 0.830487 0 0 0 0 0.825 0.823294 0 0 0 0 0.823294 0 0 0 0 0 0 0 0 0.826931 0.825 0 0 0 0.826931 0 0 0 0 0 0.823294 0 0 0 0 0 0 0.825 0 0 0 0 0 0 0.826931 0 0 0 0 0 0 0 0.825 0 0.823294 0 0 0 0 0 0 0 0 0 0 0.823294 0 0 0.826931 0 0 0 0 0 0 0 0 0 0 0.826931 0 0 0 0 0 0 0 0 0 0 0 0 0.825 0 0 0 0 0 0 
C8H18NO2S.Cl         CHEMBL102637                             
0 0 0.825 0 0.826931 0.823294 0 0 0 0 0 0 0 0 0 0 0 0 0 0 0.823294 0.823294 0.825 0.827742 0 0 0.825 0 0 0 0 0 0 0 0 0 0 0 0 0 0 0 0 0 0 0 0 0 0 0 0 0 0.826931 0 0 0 0 0 0 0 0 0 0 0.825 0 0.823294 0 0 0 0 0 0.830487 0 0 0 0 0 0 0 0 0 0 0 0.830487 0 0.823294 0 0 0 0 0 0 0.823294 0 0 0 0 0.823294 0 0 0 0 0 0 0 0.823294 0 0 0 0 0 0 0 0 0 0 0 0 0.825 0 0 0 0 0 0 0 0 0 0 0 0 0.827742 0 0 0 0 0 0 0 0 0 0 0 0 0 0 0 0.825 0 0 0 0 0 0 0 0.823294 0 0 0 0 0 0 0 0 0 0 0 0.823294 0 
C7H16N4S2            CHEMBL102715                             
0 0 0.826514 0 0.825469 0 0 0.826254 0 0 0 0 0 0 0 0 0.825 0 0.823294 0.823294 0 0 0 0 0 0 0.826514 0 0 0 0 0 0 0 0 0 0 0 0 0 0.825 0 0 0 0 0 0 0 0 0 0 0 0.825469 0 0 0 0 0 0 0 0 0.823294 0 0 0 0 0.823294 0 0 0 0 0 0 0.823294 0 0 0 0 0 0.823294 0 0 0 0 0 0 0 0 0 0 0 0.826254 0 0 0 0 0 0 0 0 0 0 0 0 0 0 0 0 0 0.823294 0 0 0 0 0 0.826931 0 0 0 0 0 0.823294 0 0 0 0 0 0.823294 0 0 0 0 0 0 0 0 0 0 0 0.823294 0 0 0.830487 0 0 0 0 0 0 0 0 0.826931 0 0 0 0.823294 0 0 0 0 0 0 0 0 0 0 0.830487 0.823294 0 
C9H18N2O2            CHEMBL102721                             
0 0 0 0.823294 0 0.821197 0.816121 0 0 0 0 0 0 0 0 0 0 0 0 0 0.819167 0.819167 0 0.825 0 0 0 0 0 0.827483 0.825011 0 0 0 0 0.826931 0 0 0 0.823294 0 0.827483 0 0 0 0 0 0 0 0 0 0 0 0 0.825011 0 0 0 0 0 0 0 0 0 0 0.821197 0 0 0 0 0 0 0.825042 0 0 0 0 0 0.816121 0 0 0 0 0 0 0 0.8208 0 0 0 0 0 0.819167 0 0 0 0.825042 0 0 0 0 0 0 0 0 0.819167 0 0 0 0 0.8208 0 0 0 0 0 0 0 0 0.826931 0 0 0 0 0 0 0 0 0.823294 0 0 0.825 0 0 0 0 0 0 0 0 0 0 0 0 0 0 0 0 0 0 0 0 0.823294 0 0 0.823294 0 0 0 0 0 0 0 0 0 0 0 0.823294 0 
C10H11NO2            CHEMBL102738                             
0 0.602597 0.605212 0 0 0 0 0 0 0 0 0 0 0.602597 0 0 0.6042 0 0 0.595379 0 0 0 0 0 0 0.605212 0 0 0 0 0.604669 0 0 0.5875 0 0 0 0 0 0.6042 0 0 0.601687 0 0 0.60883 0 0 0 0 0 0 0 0 0.601687 0 0 0 0 0 0.607362 0 0 0 0 0 0.604669 0 0 0 0 0 0 0 0 0 0 0 0.595379 0 0 0 0 0 0 0 0 0.605212 0 0 0 0 0 0.60883 0 0 0 0 0.607362 0 0 0 0 0 0 0.5875 0 0 0 0 0.607362 0 0 0 0 0 0 0 0 0 0.607362 0 0 0 0 0 0.5875 0.60467 0 0 0 0 0 0 0 0.605212 0 0 0.5875 0 0 0 0 0 0 0 0 0 0 0 0 0.60467 0 0 0.597477 0 0 0 0 0 0 0 0 0 0 0 0.597477 0 
C11H14N2             CHEMBL102945                             
0 1.41388 0.764853 0.825095 0 0 0 0 0 0 0 0 0 1.41388 0 0 0 0 0 0.750919 0 0.797518 0 0 0 0 0.764853 0 0 0 0 0.840387 0 0.717853 0 0 0 0 0 0.825095 0 0 0 0 0 0 0 0 0.826023 0 0.820767 0 0 0 0 0 0 0 0 0 0 0.825095 0.82435 0 0 0 0 0.840387 0 0 0 0.633841 0 0 0 0 0 0 0 0.750919 0 0 0 0.633841 0 0 0 0 0 0 0 0 0 0.717853 0 0 0 0 0 0.695654 0 0 0 0 0 0.797518 0 0 0 0 0 0.695654 0 0 0 0 0 0 0 0 0.826023 0.825095 0 0 0 0 0 0 0 0 0 0 0 0 0.82435 0 0 0 0 0 0 0 0.83391 0 0 0 0.820767 0 0 0 0 0 0 0 0 0.816965 0 0 0 0 0 0 0 0 0 0 0.83391 0.816965 0 
C6H12O6              CHEMBL103010                             
0 0.975412 0 0.676041 0 0 0.825042 0 0 0 0 0 0 0.975412 0 0 0 0.828409 0 0 0.818832 0 0 0 0 0 0 0 0 0.834135 0 0.937833 0 0 0 0 0 0 0 0.676041 0 0.834135 0 0 0 0 0 0 0.825011 0 0 0.823683 0 0.828409 0 0 0 0.711513 0 0 0.831764 0 0 0 0 0 0 0.937833 0 0.711513 0 0 0 0 0 0.821063 0 0 0.825042 0 0 0 0 0 0 0 0 0 0 0 0 0 0.818832 0 0 0 0 0 0 0 0 0 0 0 0 0 0 0 0.831764 0 0 0 0 0 0 0 0 0 0 0 0.825011 0 0 0 0 0 0 0 0 0 0 0 0 0 0 0.821063 0 0 0 0 0 0.820767 0 0 0 0 0 0 0 0 0 0 0 0.820767 0 0 0 0 0 0.823683 0 0 0 0 0 0 0 0 0 
C11H22N2             CHEMBL103048                             
0 0 0.821049 0 0 0.824382 0 0.825042 0 0 0 0 0 0 0 0.823294 0 0.823294 0 0.825 0 0 0 0 0 0 0.821049 0.823294 0 0 0 0 0 0 0 0 0.827511 0 0 0 0 0 0 0.823294 0 0 0 0.825 0.823294 0 0 0 0 0.823294 0 0.823294 0 0 0 0 0 0 0 0 0 0.824382 0 0 0 0 0 0 0 0 0 0 0 0.828779 0 0.825 0 0 0 0 0 0 0 0 0 0.823294 0 0.825042 0 0 0 0 0 0 0 0 0 0 0 0 0 0 0 0.825 0 0 0 0 0 0 0 0.823294 0 0 0 0 0.823294 0 0 0 0 0 0 0 0 0 0 0 0.827511 0 0 0 0 0 0 0 0 0 0.825 0 0 0 0 0 0 0.823294 0 0.823294 0 0 0 0 0 0 0 0 0 0.828779 0 0 0 0 0.825 0 0 
C7H9N5S              CHEMBL103125                             
0 0.60208 0.60351 0 0 0 0 0.6 0 0 0 0 0 0.60208 0 0 0 0.602433 0 0 0 0 0.596913 0 0 0 0.60351 0 0 0.600651 0 0.596723 0 0 0 0 0 0 0 0 0 0.600651 0 0 0 0.598729 0 0 0 0 0 0 0 0.602433 0 0 0 0 0.604799 0 0 0 0.604522 0 0 0 0 0.596723 0 0 0 0 0 0.60013 0 0 0 0 0 0 0 0.598729 0.604799 0 0 0 0 0 0 0 0 0.6 0 0 0 0 0 0 0 0.604798 0 0 0 0 0 0 0 0 0 0.60013 0 0.604798 0 0 0 0 0 0 0.596913 0 0 0 0 0 0 0 0 0 0 0 0 0 0 0 0.604522 0 0 0 0 0 0 0.592535 0 0 0 0 0 0 0 0 0 0 0 0.592535 0 0.601505 0 0 0 0 0 0 0 0 0 0 0 0.601505 0 
C9H7NO3              CHEMBL103557                             
0 0.6 0.595981 0 0 0 0 0.60467 0 0 0 0 0 0.6 0 0 0 0 0.602597 0 0 0 0 0 0 0 0.595981 0 0 0 0.600595 0 0 0 0 0 0 0 0 0 0 0 0 0.6083 0.593848 0.600595 0 0 0 0 0 0 0 0 0.600595 0.6083 0 0 0 0 0.593849 0 0 0 0 0 0.602597 0 0.593848 0 0 0 0 0 0 0 0 0 0 0 0 0.600595 0 0 0 0 0 0.593849 0 0 0 0.60467 0 0 0 0 0 0 0 0 0 0 0 0 0 0 0 0 0.593849 0 0 0 0 0 0.597477 0 0 0 0 0 0 0 0 0.593849 0 0 0 0.600057 0.59538 0 0 0 0 0 0 0 0 0 0.597477 0.600057 0 0 0 0 0 0 0 0 0 0 0 0 0.59538 0 0 0.605212 0 0 0 0 0 0 0 0 0 0 0 0.605212 0 
C7H3Cl3O3            CHEMBL10381                              
0 0.8292 0.830487 0.827483 0 0 0 0 0 0 0 0 0 0.8292 0 0 0 0.830487 0 0 0 0.826931 0 0 0 0 0.830487 0 0 0 0 0.823294 0 0 0 0 0 0.825 0 0.827483 0 0 0 0 0 0 0.825042 0 0 0 0 0.826931 0 0.830487 0 0 0 0 0.823294 0 0 0 0.825 0 0 0 0 0.823294 0 0 0 0.8292 0 0 0.821197 0 0 0 0 0 0 0 0.823294 0.8292 0 0 0 0 0 0 0 0 0 0 0.825042 0 0 0 0 0 0 0 0 0 0 0.826931 0 0 0 0 0 0 0 0 0 0 0 0 0 0 0 0 0.821197 0 0 0 0 0 0 0 0 0 0 0 0.825 0 0 0 0 0 0 0 0 0 0 0.825 0 0 0 0 0 0 0 0 0 0 0 0 0 0.826931 0 0 0 0 0 0 0 0 0 
C9H9NO2S             CHEMBL103879                             
0 0 0 0.593848 0.602597 0 0 0 0 0 0 0 0 0 0 0.593353 0 0 0 0.603134 0 0 0 0 0 0 0 0.593353 0 0.608357 0 0.601026 0 0 0 0 0 0 0 0.593848 0 0.608357 0 0 0 0 0 0.593353 0 0 0 0 0.602597 0 0 0 0 0 0.600057 0.601026 0 0 0 0 0 0 0 0.601026 0 0 0 0 0 0 0.593848 0 0 0 0 0.603134 0 0 0.600057 0 0 0 0 0 0 0 0 0 0 0 0 0.601026 0 0 0 0 0 0 0 0 0 0 0 0.593353 0 0 0 0 0 0 0.593849 0 0 0 0 0 0 0 0.593848 0 0 0 0 0.600015 0.597477 0 0 0 0 0 0 0 0 0 0.593849 0.600015 0 0 0 0 0 0 0 0 0 0 0 0 0.597477 0 0 0.6 0 0 0 0 0 0 0 0 0 0 0 0.6 0 
C7H11N3O3            CHEMBL104039                             
0 0.817198 0.818917 0.826011 0 0 0 0 0 0 0 0 0 0.817198 0 0 0 0.822439 0 0 0 0 0.827483 0 0 0 0.818917 0 0 0 0 0.823294 0 0 0 0 0 0 0 0.826011 0 0 0 0 0 0 0.824473 0 0 0 0 0 0 0.822439 0 0 0 0.823199 0 0 0 0 0 0 0.827027 0 0 0.823294 0 0.823199 0 0 0 0 0 0 0 0 0 0 0 0 0 0 0 0.823199 0.820897 0 0 0.82302 0 0 0 0 0.824473 0 0 0.823199 0 0 0 0.827511 0 0 0 0 0 0 0 0 0.820897 0 0 0 0 0 0 0 0.827483 0 0 0 0 0 0 0 0 0 0 0 0 0 0 0 0 0 0 0.827511 0 0 0 0 0 0 0 0 0 0 0 0.82302 0 0 0 0 0 0 0 0 0 0 0.827027 0 0 0 0 0 0 0 0 
C9H9N3O              CHEMBL104046         4-{[Methyl(Nitroso)Amino]Methyl}Benzonitrile
0 0 0.825011 0 0 0 0 0 0 0 0 0 0 0 0 0 0.830487 0.825 0 0 0 0 0 0 0 0 0.825011 0 0 0 0 0.825 0 0 0 0 0 0 0 0 0.830487 0 0 0 0 0 0 0 0 0 0 0 0 0.825 0 0 0 0 0.830487 0 0 0 0 0 0.823294 0 0 0.825 0 0 0 0 0 0.830487 0.827483 0 0 0 0 0 0 0 0.830487 0 0 0.8333 0 0 0 0 0 0 0 0 0 0 0 0.8333 0 0 0 0.819166 0.826396 0 0 0 0 0 0 0.830487 0 0 0 0 0 0.8333 0 0 0 0 0 0 0.827483 0 0 0 0 0.825 0 0 0 0 0 0 0 0 0 0.819166 0 0.825 0 0 0 0 0 0 0 0 0 0 0.826396 0.8333 0 0 0 0 0 0 0 0 0.823294 0 0 0 0 0 0 0 0 
C7H11N3O3            CHEMBL104065                             
0 0.817198 0 0 0.818917 0.826011 0 0 0 0 0 0 0 0.817198 0 0 0.822439 0 0 0 0 0 0.827483 0 0 0 0 0 0 0.823199 0.823294 0 0 0 0 0 0 0 0 0 0.822439 0.823199 0 0 0 0 0 0 0 0 0 0.827027 0.818917 0 0.823294 0 0 0 0 0 0 0 0 0 0 0.826011 0 0 0 0 0 0 0.824473 0 0 0 0 0 0 0 0 0 0 0 0 0.823199 0.820897 0 0 0.82302 0 0 0 0 0 0 0.824473 0.823199 0 0 0 0.827511 0 0 0 0 0 0 0 0 0.820897 0 0 0 0 0 0 0 0.827483 0 0 0 0 0 0 0 0 0 0 0 0 0 0 0 0 0 0 0.827511 0 0 0 0 0 0 0 0 0 0 0 0.82302 0 0 0 0 0 0 0 0 0 0.827027 0 0 0 0 0 0 0 0 0 
C6H10N4O3            CHEMBL104208                             
0 0 0.817198 0 0.818917 0.826011 0 0 0 0 0 0 0 0 0 0.822439 0.823199 0 0 0 0 0 0 0 0 0 0.817198 0.822439 0 0 0 0 0 0 0 0.827483 0 0 0 0 0.823199 0 0 0.823294 0 0 0 0 0 0 0 0 0.818917 0 0 0.823294 0 0 0 0 0 0 0 0 0.826271 0.826011 0 0 0 0 0 0 0.824473 0 0 0 0 0 0 0 0 0 0 0 0 0.823199 0.820897 0 0 0.82302 0 0 0 0 0 0 0.824473 0.823199 0 0 0 0.827511 0 0 0 0 0 0 0 0 0.820897 0 0 0 0 0 0 0 0 0.827483 0 0 0 0 0 0 0 0 0 0 0 0 0 0 0 0 0 0.827511 0 0 0 0 0 0 0 0 0 0 0 0.82302 0 0 0 0 0 0 0 0 0 0 0.826271 0 0 0 0 0 0 0 0 
C10H8Cl2O            CHEMBL104696                             
0 0 0 0.823294 0.823294 0 0 0 0 0 0 0 0 0 0 0.825406 0 0.8208 0 0 0 0 0.823294 0 0 0 0 0.825406 0 0 0 0 0 0 0.823294 0 0 0 0 0.823294 0 0 0 0 0.830487 0 0 0 0 0 0 0 0.823294 0.8208 0 0 0 0 0 0.823294 0 0 0 0 0 0 0 0 0.830487 0 0 0.825 0 0 0 0 0 0.823294 0 0 0 0 0 0.825 0 0 0 0 0 0 0 0 0 0 0 0.823294 0 0 0 0 0 0.823294 0 0 0 0 0.823294 0 0 0 0 0 0 0 0.825 0.834135 0 0 0.823294 0 0 0 0 0 0 0 0 0 0 0 0 0 0 0 0 0 0 0.823294 0.825 0 0 0 0 0 0 0 0 0 0 0 0 0.834135 0 0 0 0 0 0 0 0 0 0.823294 0 0 0 0 0 0 0 
C9H12N2O2            CHEMBL104733                             
0 0.825 0 0 0.823293 0.823294 0 0 0 0 0 0 0 0.825 0 0.825406 0 0 0 0 0.825406 0 0 0 0 0 0 0.825406 0 0.825 0 0 0 0 0 0 0 0 0 0 0 0.825 0 0 0 0.821197 0 0 0.823294 0 0 0 0.823293 0 0 0 0 0 0 0 0 0 0 0 0 0.823294 0 0 0 0 0 0 0 0 0 0 0 0 0 0 0 0.821197 0 0 0 0 0.821197 0 0.825 0 0 0 0.825406 0 0 0 0 0 0 0.825 0 0 0 0 0 0 0 0 0 0 0.821197 0.825 0 0 0 0 0 0 0 0 0.823294 0 0 0 0 0 0 0 0 0 0 0 0 0 0 0 0.825 0 0 0 0 0.823294 0 0 0 0 0 0 0 0 0 0 0 0.823294 0 0.825 0 0 0 0 0 0 0 0 0 0 0 0.825 0 
C12H12O              CHEMBL104778                             
0 0.833237 0.834135 0 0 0 0 0 0 0 0 0 0 0.833237 0 0 0.830487 0 0 0 0 0 0 0 0 0 0.834135 0 0 0 0.823294 0 0 0 0 0 0 0 0 0 0.830487 0 0 0 0 0.820348 0 0 0 0 0 0 0 0 0.823294 0 0 0.829294 0 0.828409 0 0 0 0 0 0 0 0 0 0.829294 0 0 0 0 0 0 0 0 0 0 0 0.820348 0 0 0 0 0.830487 0.816711 0 0 0 0 0 0 0 0.828409 0 0 0 0 0 0 0 0 0 0 0 0 0 0 0.830487 0 0 0 0 0.825406 0 0 0 0 0 0 0 0.816711 0 0 0 0.827484 0 0 0 0 0 0 0 0 0 0 0 0.827484 0 0 0.824844 0 0 0 0 0 0 0 0 0.825406 0 0 0 0.825042 0 0 0 0 0 0 0 0 0 0 0.824844 0.825042 0 
C7H14O5              CHEMBL105078                             
0 0.830062 0 0.981834 0 0 0.822672 0 0 0 0 0 0 0.830062 0 0 0 0.715498 0 0 0.832276 0 0 0 0 0 0 0 0 0 0.934879 0.832066 0 0 0 0 0 0 0 0.981834 0 0 0 0 0.672082 0 0 0.8333 0 0 0 0 0 0.715498 0.934879 0 0 0 0 0 0 0.825094 0 0 0 0 0 0.832066 0.672082 0 0 0 0 0 0 0 0.825042 0.821913 0.822672 0 0 0 0 0 0 0 0 0 0 0 0 0 0.832276 0 0 0 0 0 0 0 0 0 0 0 0 0 0 0.8333 0 0 0 0 0 0 0 0 0 0 0 0 0 0.825094 0 0 0 0 0 0.828025 0 0 0 0 0 0 0 0 0 0 0 0.828025 0 0 0 0 0 0 0 0 0.825042 0 0 0 0 0 0 0 0 0 0 0 0 0.821913 0 0 0 0 0 0 0 
C12H17N              CHEMBL105131                             
0 0.604669 0 0.609559 0 0.5958 0 0 0 0 0 0 0 0.604669 0 0.597477 0 0 0 0 0 0 0 0 0 0 0 0.597477 0 0 0.6 0 0 0.601026 0 0 0 0 0 0.609559 0 0 0 0 0 0 0 0.606862 0.600361 0 0 0 0 0 0.6 0 0 0 0.597477 0 0 0 0.601026 0 0 0.5958 0 0 0 0 0 0.606764 0 0 0 0 0 0 0 0 0 0 0.597477 0.606764 0 0 0 0 0 0 0 0 0 0.601026 0 0 0 0 0 0 0 0 0.60883 0 0 0 0 0.606862 0 0 0 0 0 0 0 0 0 0 0 0 0.600361 0 0 0 0 0 0 0 0 0 0 0 0 0 0.601026 0 0 0 0 0 0 0 0.606764 0 0 0 0 0 0 0 0.60883 0 0 0 0 0.5875 0 0 0 0 0 0 0 0 0 0 0.606764 0.5875 0 
C11H10N2             CHEMBL105171         Naphthalene-2-Carboxamidine
0 0.827483 0 0.825011 0 0 0 0 0.823294 0 0 0 0 0.827483 0 0.824844 0 0 0.8292 0 0 0 0 0 0 0 0 0.824844 0 0 0.819662 0 0 0 0 0 0 0 0 0.825011 0 0 0 0 0 0 0 0 0 0 0 0 0 0 0.819662 0 0 0 0.825 0 0 0.826931 0 0 0 0 0.8292 0 0 0 0 0 0.823294 0 0 0 0 0 0 0 0 0 0.825 0 0 0.823294 0 0 0.831103 0 0 0 0 0 0 0 0.823294 0.823294 0 0 0 0 0 0 0.823294 0 0 0 0 0 0 0 0 0 0 0 0 0 0 0 0 0.826931 0 0 0 0 0 0 0.827483 0 0 0 0 0 0 0 0.831103 0 0 0 0 0 0.823294 0 0 0 0 0 0 0 0 0 0.827483 0 0 0.825 0 0 0 0 0 0 0 0 0 0 0.823294 0.825 0 
C6H14N4O3            CHEMBL105300                             
0 0.823294 0 0 0.823294 0.8292 0 0 0 0 0 0 0 0.823294 0 0.826396 0 0 0 0 0 0 0 0 0 0 0 0.826396 0 0.823294 0 0 0 0 0 0.825 0 0 0 0 0 0.823294 0 0 0 0.825042 0 0.826931 0 0 0 0 0.823294 0 0 0 0 0 0 0.819166 0 0 0 0 0.8333 0.8292 0 0 0 0 0 0 0 0 0 0 0 0 0 0 0 0.825042 0 0 0 0 0 0 0 0 0 0 0 0 0 0.819166 0 0 0 0 0 0 0 0 0 0 0 0.826931 0 0 0 0 0 0 0 0 0 0 0 0.825 0 0 0 0 0 0 0 0.826931 0 0 0 0 0 0 0 0 0 0 0 0.826931 0 0 0 0 0 0 0 0 0 0 0 0 0 0 0 0.939562 0 0 0 0 0.8333 0 0 0 0 0 0 0.939562 0 
C10H10N2O            CHEMBL105449                             
0 0.819662 0.819166 0 0 0 0 0.825042 0 0 0 0 0 0.819662 0 0 0 0.816742 0 0.820347 0 0 0 0 0 0 0.819166 0 0 0 0 0.820811 0 0 0 0 0 0 0 0 0 0 0 0.823294 0.818252 0 0 0 0 0 0 0 0 0.816742 0 0.823294 0 0 0 0 0.823293 0 0 0 0 0 0 0.820811 0.818252 0 0 0 0 0 0 0 0.826396 0 0 0.820347 0 0 0 0 0 0 0 0.830487 0 0 0 0.825042 0 0 0 0 0 0 0 0 0 0 0 0 0 0 0 0 0.823293 0 0 0 0 0 0.830487 0 0 0 0 0 0 0 0 0.830487 0 0 0 0.825 0 0.825406 0 0 0 0 0 0 0 0 0.830487 0.825 0 0 0 0 0 0 0 0 0.826396 0 0 0 0 0 0 0 0 0 0 0 0 0 0 0 0 0.825406 0 0 0 
C9H20N4              CHEMBL105574                             
0 0 0.825 0 0 0.823294 0 0.823294 0 0 0 0 0 0 0 0 0.825 0.823294 0 0.823294 0 0 0 0 0 0 0.825 0 0 0 0 0 0 0 0 0 0 0 0 0 0.825 0 0 0 0 0 0 0 0 0 0 0 0 0.823294 0 0 0 0 0 0 0 0 0 0 0 0.823294 0 0 0 0 0 0 0 0 0 0 0 0 0 0.823294 0 0 0 0 0 0 0.823294 0 0 0 0 0.823294 0 0 0 0 0 0 0 0 0.823294 0 0 0 0 0 0 0 0 0 0.823294 0 0 0 0.823294 0 0 0 0 0 0 0 0 0 0.823294 0 0 0 0 0.826931 0 0 0 0 0 0 0 0 0.823294 0 0 0.830487 0 0 0 0 0 0 0 0 0 0 0 0.830487 0 0.823294 0 0 0 0 0 0 0 0 0 0.826931 0 0.823294 0 
C10H8BrFO            CHEMBL105656                             
0 0.823294 0.823294 0 0 0 0 0 0 0 0 0 0 0.823294 0 0 0.8208 0.823294 0 0 0 0 0 0 0 0 0.823294 0 0 0 0 0.830487 0 0 0 0 0 0 0 0 0.8208 0 0 0 0 0 0.825406 0 0.830487 0 0 0 0 0.823294 0 0 0 0 0 0 0.823294 0 0 0 0 0 0 0.830487 0 0 0 0.825 0 0 0 0 0 0.823294 0 0 0 0 0 0.825 0 0 0 0 0 0 0 0 0 0 0.825406 0 0 0 0 0 0 0.823294 0 0 0 0 0 0 0.823294 0 0 0 0 0 0.825 0.834135 0 0 0 0 0.830487 0 0 0 0 0 0 0 0 0 0 0 0 0 0 0 0 0.823294 0.825 0 0 0 0 0 0 0 0 0 0 0 0 0.834135 0 0 0 0 0 0 0 0 0 0.823294 0 0 0 0 0 0 0 
C10H14N2O            CHEMBL10583                              
0 0 0 0 0.827027 0 0.823294 0 0.827742 0 0 0 0 0 0 0 0 0 0 0 0 0 0.82387 0.824844 0 0 0 0 0 0.827886 0.821374 0.828316 0 0 0 0 0 0 0 0 0 0.827886 0 0 0 0 0.821913 0 0 0 0 0 0.827027 0 0.821374 0 0 0 0 0 0 0 0 0 0 0 0 0.828316 0 0 0 0.823199 0 0 0 0 0 0 0.823294 0 0 0 0 0.823199 0 0 0 0 0 0 0 0 0 0 0.821913 0 0 0 0 0 0.8167 0 0.821197 0 0.827742 0 0 0 0 0 0 0 0 0 0 0 0 0 0.82387 0 0 0 0 0 0.8167 0 0 0 0 0 0 0.824844 0 0 0 0 0 0 0 0 0 0 0.8292 0 0 0 0 0 0 0 0.821197 0 0 0 0 0.821197 0 0 0 0 0 0 0 0 0 0 0.8292 0.821197 0 
C8H6BrNO3            CHEMBL106072                             
0 0.825 0.827483 0.827483 0 0 0 0 0 0 0 0 0 0.825 0 0 0 0 0 0.823294 0.823294 0 0 0 0 0 0.827483 0 0 0 0 0 0 0 0 0 0 0 0 0.827483 0 0 0 0 0 0 0 0 0 0 0 0 0 0 0 0 0 0.825011 0 0 0.823294 0 0 0 0.826931 0 0 0 0 0.825011 0 0 0 0 0.823294 0.823294 0 0 0 0.823294 0 0 0 0 0 0 0 0 0.825 0 0 0 0.823294 0 0 0 0 0 0 0 0.825 0 0 0 0 0 0 0 0.823294 0 0 0 0 0 0 0 0 0 0 0 0 0 0.823294 0 0.825 0 0 0 0 0 0 0 0 0 0 0.823294 0.825 0 0 0 0 0 0 0 0 0 0 0 0 0 0 0 0 0 0 0.825011 0 0 0 0 0.826931 0 0 0 0 0 0 0.825011 0 
C10H17NO2            CHEMBL106214                             
0 0.827484 0 0 0 0 0.825 0 0.827484 0 0 0 0 0.827484 0 0 0 0 0.825 0 0 0 0 0 0 0 0 0 0 0 0.825 0 0 0 0 0.82501 0 0.823294 0.823294 0 0 0 0 0 0 0.823294 0 0 0 0.825 0 0 0 0 0.825 0 0 0.819167 0 0.819167 0 0 0 0 0 0 0.825 0 0 0.819167 0 0 0 0 0 0 0 0 0.825 0 0 0.823294 0 0 0 0 0 0 0 0 0 0 0 0 0 0.819167 0 0 0 0.825 0 0 0 0 0.827484 0 0 0 0 0 0 0.825 0 0 0 0 0 0 0 0.82501 0 0 0 0 0 0 0 0 0 0 0 0 0 0.825 0 0 0 0 0 0 0 0 0 0 0 0.823294 0 0 0 0 0 0 0 0 0 0 0 0 0.823294 0 0 0 0 0 0 0 0 0 0 
C8H8N2O3             CHEMBL106245                             
0 0.825 0 0 0.823293 0.823294 0 0 0 0 0 0 0 0.825 0 0.825406 0 0 0 0 0.825406 0 0 0 0 0 0 0.825406 0 0.825 0 0 0 0 0 0 0 0 0 0 0 0.825 0 0 0 0.821197 0 0 0 0 0.823294 0 0.823293 0 0 0 0 0 0 0 0 0 0 0 0 0.823294 0 0 0 0 0 0 0 0 0 0 0 0 0 0 0 0.821197 0 0 0 0 0.821197 0 0 0 0.825 0 0.825406 0 0 0 0 0 0 0.825 0 0 0 0 0 0 0 0 0 0 0.821197 0.825 0 0 0 0 0 0 0 0 0 0 0 0 0 0 0 0.823294 0 0.823294 0 0 0 0 0 0 0 0 0 0.823294 0 0 0 0 0 0 0.823294 0 0 0 0 0 0 0 0 0 0 0 0 0 0 0 0.825 0 0 0.823294 0 0 0 
C9H8N2O2             CHEMBL10625                              
0 0.823294 0.8333 0 0 0 0 0 0 0 0 0 0 0.823294 0 0 0 0.823294 0 0.825 0 0 0 0 0 0 0.8333 0 0 0.823294 0 0 0 0.830487 0 0 0 0 0 0 0 0.823294 0 0 0.827483 0 0 0 0 0 0 0 0 0.823294 0 0 0 0.825 0 0 0.823294 0 0 0 0 0 0 0 0.827483 0.825 0 0 0 0 0.827483 0 0 0 0 0.825 0 0 0 0 0 0 0 0 0 0 0 0 0 0.830487 0 0 0 0 0 0 0 0.824844 0 0 0 0 0 0 0.823294 0 0 0 0 0 0 0.827483 0 0 0 0 0 0 0.827483 0 0 0 0 0 0 0.823294 0 0 0 0 0 0 0 0.824844 0 0 0 0 0 0 0 0 0 0 0 0 0 0.827483 0 0 0 0.825 0 0 0 0 0 0 0 0 0 0.823294 0 0.825 0 
C10H13ClFN           CHEMBL106352                             
0 0.819167 0.833394 0 0 0.823294 0 0 0 0 0 0 0 0.819167 0 0 0.808318 0 0 0 0 0 0 0 0 0 0.833394 0 0 0 0.834135 0 0 0.819167 0 0 0 0 0 0 0.808318 0 0 0 0 0.834135 0 0.833394 0 0 0 0 0 0 0.834135 0 0 0 0 0 0.823294 0 0 0 0 0.823294 0 0 0 0 0 0 0 0 0 0 0 0 0 0 0 0.834135 0 0 0 0 0 0.823294 0 0 0 0 0 0.819167 0 0 0 0 0 0 0 0 0 0 0 0 0 0.833394 0.823294 0 0 0 0 0 0 0 0 0 0 0 0 0 0 0.823294 0 0 0 0.823294 0 0 0 0 0 0 0 0 0 0 0 0.823294 0 0.823294 0 0 0 0 0 0 0 0 0 0 0 0.823294 0 0.823294 0 0 0 0 0 0 0 0 0 0 0 0.823294 0 
C9H19FNO.I           CHEMBL106490                             
0 0.606892 0 0.594982 0 0 0 0 0 0 0 0 0 0.606892 0 0.60351 0 0 0 0.598246 0 0 0 0 0 0 0 0.60351 0 0 0.600057 0 0 0 0 0 0 0 0 0.594982 0 0 0 0.604799 0 0 0 0 0 0 0 0.601041 0 0 0.600057 0.604799 0 0 0 0 0.60013 0 0 0 0 0 0 0 0 0 0 0.60208 0 0 0.598978 0.595982 0.600807 0 0 0.598246 0 0 0 0.60208 0 0 0 0 0 0 0 0 0 0 0 0 0 0 0 0 0 0 0 0 0 0 0 0 0.60013 0 0 0 0 0 0 0 0 0 0 0 0 0 0.598978 0 0 0 0 0 0 0 0 0 0 0 0 0.595982 0 0 0 0 0 0 0 0 0 0 0 0 0.600807 0 0 0 0 0 0 0 0 0 0 0.601041 0 0 0 0 0 0 0 0 0 
C7H15N3O2S           CHEMBL106516         Thiocitrulline      
0 0.825025 0 0 0 0 0 0 0 0 0 0 0 0.825025 0 0 0 0 0 0 0 0 0 0 0.824938 0 0 0 0 0 0 0 0 0.825025 0.825 0.825025 0 0 0 0 0 0 0 0 0 0 0.824939 0 0 0 0 0 0 0 0 0 0 0.825025 0 0 0 0.824939 0 0 0 0 0 0 0 0.825025 0 0 0 0 0 0.825025 0 0 0 0 0 0 0 0 0 0.825 0 0 0 0 0 0 0 0.825025 0.824939 0 0 0.825 0 0 0 0 0 0 0 0 0.825 0 0 0 0 0 0 0 0 0 0 0 0 0.825025 0 0.824939 0 0 0 0 0 0 0 0 0 0 0 0 0 0.825025 0 0 0 0 0 0.825025 0 0 0.824938 0 0 0 0 0 0 0 0 0.825025 0 0.825 0 0 0 0 0 0 0 0 0 0 0 0.825 0 
C10H12N2O            CHEMBL106667                             
0 0.825 0 0 0 0 0 0 0 0 0 0 0 0.825 0 0 0 0 0.825 0 0 0 0 0 0 0 0 0 0 0.823293 0.825 0 0 0.823294 0 0 0 0 0 0 0 0.823293 0 0 0 0.823294 0 0 0.825 0 0 0 0 0 0.825 0 0 0.823293 0 0 0 0 0 0 0 0 0.825 0 0 0.823293 0 0 0 0.823294 0 0 0 0 0 0 0 0.823294 0 0 0 0 0.825 0 0 0 0 0 0 0.823294 0 0 0 0 0 0 0 0 0 0 0 0 0 0 0 0.823294 0.825 0 0 0 0 0 0 0 0 0 0.825 0 0 0 0 0 0 0.823293 0 0 0 0 0 0 0 0 0 0 0 0.823293 0 0.825 0 0 0 0 0 0 0 0 0 0 0 0.825 0 0.826931 0 0 0 0 0 0 0 0 0 0 0 0.826931 0 
C9H12N2O2            CHEMBL106941                             
0 0.830487 0.825 0 0 0 0 0 0 0 0 0 0 0.830487 0 0 0 0 0 0 0 0 0 0 0 0 0.825 0 0 0.830487 0 0 0 0 0 0 0 0.823294 0 0 0 0.830487 0 0.8333 0 0 0 0 0 0 0 0 0 0 0 0.8333 0 0 0.826396 0.819166 0 0 0 0 0 0 0 0 0 0 0 0 0 0.830487 0.827483 0.825 0 0 0 0 0 0 0.826396 0 0 0 0.8333 0 0 0 0 0 0 0 0 0.819166 0 0 0 0 0.825 0 0 0 0 0 0 0 0 0.830487 0.8333 0 0 0 0 0 0 0 0 0 0 0 0.827483 0 0.825 0 0 0 0 0 0 0 0 0 0 0.825 0 0 0 0 0 0 0.823294 0 0 0.823294 0 0 0 0 0 0 0 0 0 0 0 0 0 0 0 0 0 0 0 0 0.823294 0 0 
C7H11N3O3            CHEMBL107160                             
0 0.817198 0 0.826011 0.818917 0 0 0 0 0 0 0 0 0.817198 0 0.822439 0 0 0 0 0 0 0.827483 0 0 0 0 0.822439 0 0 0 0.823199 0 0 0 0 0 0 0 0.826011 0 0 0 0 0 0 0.824473 0 0 0 0 0 0.818917 0 0 0 0 0.823294 0 0 0 0 0 0 0.826271 0 0 0.823199 0 0.823294 0 0 0 0 0 0 0 0 0 0 0 0 0 0 0 0.823199 0.820897 0 0 0.82302 0 0 0 0 0.824473 0 0 0.823199 0 0 0 0.827511 0 0 0 0 0 0 0 0 0.820897 0 0 0 0 0 0 0 0.827483 0 0 0 0 0 0 0 0 0 0 0 0 0 0 0 0 0 0 0.827511 0 0 0 0 0 0 0 0 0 0 0 0.82302 0 0 0 0 0 0 0 0 0 0 0.826271 0 0 0 0 0 0 0 0 
C9H9F3O              CHEMBL107230                             
0 0.827484 0 0.754057 0.858334 0.86105 0 0 0 0 0 0 0 0.827484 0 0.830487 0 0 0 0 0.825 0 0 0 0 0 0 0.830487 0 0 0 0 0.8333 0 0 0 0 0 0 0.754057 0 0 0 0 0 0 0 0 0 0 0 0 0.858334 0 0 0 0 0 0 0 0 0 0 0 0 0.86105 0 0 0 0 0 0 0 0 0 0 0 0 0 0 0.8333 0 0 0 0 0 0.834135 0.822822 0 0 0 0 0.825 0 0 0 0 0 0 0 0 0 0 0 0 0 0 0 0 0 0.834135 0 0 0 0 0.829211 0 0 0 0 0 0 0 0.822822 0 0 0 0.833341 0 0 0 0 0 0 0 0 0 0 0 0.833341 0 0 0.83622 0 0 0 0 0 0 0 0 0.829211 0 0 0 0.830487 0 0 0 0 0 0 0 0 0 0 0.83622 0.830487 0 
C10H15N3             CHEMBL107251         N-(3-(Aminomethyl)Benzyl)Acetimidamide
0 0.825 0 0 0 0.825025 0 0 0 0 0 0 0 0.825 0 0.825025 0 0 0 0 0 0 0 0 0.824939 0 0 0.825025 0 0.825025 0 0 0 0 0 0 0 0 0 0 0 0.825025 0 0.825 0 0 0 0 0 0 0 0 0 0 0 0.825 0 0.825025 0 0 0 0 0 0 0 0.825025 0 0 0 0.825025 0 0.825 0 0 0 0 0 0 0 0 0 0 0 0.825 0 0.825025 0 0 0 0 0 0 0 0 0 0 0 0.825025 0 0.825 0 0 0 0 0 0 0 0 0 0 0 0.825 0 0.824938 0.825025 0 0 0 0 0 0 0 0 0 0 0.824938 0 0 0 0 0 0 0 0 0 0 0 0 0.825025 0 0 0 0 0 0.824939 0 0 0 0 0 0 0 0 0 0 0.825025 0 0 0 0 0 0 0 0 0 0 0 0.825025 0 
C6H4N2O5             CHEMBL107513         2,5-Dinitro-Phenol  
0 0.825025 0 0 0 0 0 0 0 0 0 0 0 0.825025 0 0.825025 0 0 0 0 0 0 0 0 0 0.825 0 0.825025 0 0.825 0 0 0.825025 0 0 0 0 0 0 0 0 0.825 0 0.825025 0.825025 0 0 0 0 0 0 0 0 0 0 0.825025 0 0 0 0 0 0 0 0 0 0 0 0 0.825025 0 0 0 0 0 0 0 0 0 0 0 0.825025 0 0 0 0 0.825 0 0 0 0 0 0 0 0 0 0 0 0.825 0 0 0 0 0.825025 0 0 0 0 0 0 0 0 0 0 0.825025 0.825025 0.825 0 0 0 0 0 0 0 0 0 0.825025 0 0 0 0 0 0 0 0 0 0 0 0 0.825025 0 0 0 0 0 0 0 0 0 0 0 0.825025 0.825 0 0 0 0.825025 0 0.825 0 0 0 0 0 0 0 0 0 0.825025 0 
C10H17NO2            CHEMBL107728                             
0 0.827484 0 0.825 0.827483 0 0 0 0 0 0 0 0 0.827484 0 0 0 0 0.825 0 0 0 0 0 0 0 0 0 0 0.826931 0 0 0.825 0 0 0 0 0 0 0.825 0 0.826931 0 0 0 0 0 0 0 0 0 0 0.827483 0 0 0 0 0 0 0.825 0 0 0 0 0 0 0.825 0 0 0 0 0 0 0.819167 0 0 0 0 0 0 0.825 0 0 0 0 0 0 0 0 0 0 0 0 0 0 0.825 0 0 0 0.819166 0 0 0 0 0 0 0 0 0 0.819167 0 0.819166 0 0 0 0.825 0 0 0 0 0 0 0 0 0 0 0 0.825 0 0.830487 0 0 0 0 0 0 0 0 0 0.825 0 0.823294 0 0 0 0 0 0 0 0 0 0.825 0 0.823294 0 0 0 0 0 0 0 0 0 0 0 0.830487 0 0 0 
C10H8BrFO            CHEMBL107752                             
0 0 0 0.823294 0.823294 0 0 0 0 0 0 0 0 0 0 0.825406 0 0.8208 0 0 0 0 0.823294 0 0 0 0 0.825406 0 0 0 0 0 0 0.823294 0 0 0 0 0.823294 0 0 0 0 0.830487 0 0 0 0 0 0 0 0.823294 0.8208 0 0 0 0 0 0.823294 0 0 0 0 0 0 0 0 0.830487 0 0 0.825 0 0 0 0 0 0.823294 0 0 0 0 0 0.825 0 0 0 0 0 0 0 0 0 0 0 0.823294 0 0 0 0 0 0.823294 0 0 0 0 0.823294 0 0 0 0 0 0 0 0.825 0.832066 0 0 0.823294 0 0 0 0 0 0 0 0 0 0 0 0 0 0 0 0 0 0 0.823294 0.825 0 0 0 0 0 0 0 0 0 0 0 0 0.832066 0 0 0 0 0 0 0 0 0 0.823294 0 0 0 0 0 0 0 
C9H11NO3             CHEMBL107813                             
0 0.6083 0 0 0 0.60467 0.606764 0 0 0 0 0 0 0.6083 0 0.593848 0 0.6083 0 0 0 0 0 0 0 0 0 0.593848 0 0.600058 0 0 0 0 0 0 0 0 0 0 0 0.600058 0 0 0 0 0.596926 0 0.593353 0 0 0 0 0.6083 0 0 0 0 0 0 0 0 0 0 0 0.60467 0 0 0 0 0 0 0 0 0 0 0 0 0.606764 0 0 0 0 0 0 0 0 0 0 0 0 0 0 0 0.596926 0 0 0 0 0.60467 0 0.6083 0 0 0 0 0 0 0 0 0 0.60467 0 0 0 0 0 0 0 0 0.593353 0 0 0 0 0 0 0 0.6083 0 0 0 0 0 0 0 0 0.6083 0 0 0 0 0.601026 0 0 0 0 0 0 0 0 0 0.6083 0 0 0.597477 0 0 0 0 0 0 0 0 0 0 0.601026 0.597477 0 
C11H12O2             CHEMBL107839                             
0 0.827483 0.827483 0 0 0 0 0 0 0 0 0 0 0.827483 0 0 0 0.825011 0 0 0.821197 0 0 0 0 0 0.827483 0 0 0.828025 0 0.825095 0 0 0 0 0 0 0 0 0 0.828025 0 0 0 0.82501 0 0 0 0 0 0 0 0.825011 0 0 0 0 0 0 0 0 0 0 0 0 0 0.825095 0 0 0 0 0 0.834135 0.82251 0 0 0 0 0 0 0.82501 0 0 0 0 0 0 0 0 0 0 0.821197 0 0 0 0 0 0 0 0 0 0 0 0 0 0 0 0 0.834135 0 0 0 0 0.825094 0 0 0 0 0 0 0 0.82251 0 0 0 0 0 0.825011 0 0 0 0 0 0 0 0 0 0.825094 0 0 0 0.825406 0 0 0 0 0 0 0 0 0 0.825011 0 0 0.830062 0 0 0 0 0 0 0 0 0 0 0.825406 0.830062 0 
C9H19FNO.I           CHEMBL107944                             
0 0.606892 0 0.594982 0 0 0 0 0 0 0 0 0 0.606892 0 0.60351 0 0 0 0.598246 0 0 0 0 0 0 0 0.60351 0 0 0.600057 0 0 0 0 0 0 0 0 0.594982 0 0 0 0.604799 0 0 0 0 0 0 0 0.601041 0 0 0.600057 0.604799 0 0 0 0 0.60013 0 0 0 0 0 0 0 0 0 0 0.60208 0 0 0.598978 0.595982 0.600807 0 0 0.598246 0 0 0 0.60208 0 0 0 0 0 0 0 0 0 0 0 0 0 0 0 0 0 0 0 0 0 0 0 0 0.60013 0 0 0 0 0 0 0 0 0 0 0 0 0 0.598978 0 0 0 0 0 0 0 0 0 0 0 0 0.595982 0 0 0 0 0 0 0 0 0 0 0 0 0.600807 0 0 0 0 0 0 0 0 0 0 0.601041 0 0 0 0 0 0 0 0 0 
C9H9NO3              CHEMBL107975                             
