C10H18O4             CHEMBL100014         Butyric             
0 0.6 0 0.604669 0 0 0.593848 0 0 0 0 0 0 0 0.6 0 0 0 0 0 0 0 0 0.601026 0.601041 0.6 0 0 0 0 0 0 0 0.597477 0 0.600015 0.600594 0 0 0 0 0 0.604669 0 0 0 0.601687 0 0 0 0 0 0 0 0 0 0 0 0 0.601687 0 0.598941 0 0 0 0 0 0 0 0 0 0 0.597477 0 0.598941 0 0 0 0 0 0 0 0 0 0.593848 0 0 0 0 0 0 0 0 0 0 0 0 0 0 0 0.600015 0 0 0 0 0 0 0 0 0 0 0 0 0 0.600594 0 0 0 0 0 0 0 0 0 0.603134 0 0 0.601026 0 0 0 0 0 0 0 0 0 0 0 0 0 0.601041 0 0 0 0 0 0 0 0 0 0 0 0 0 0.6 0 0 0 0 0 0 0 0 0 0 0 0 0 0 0 0 0 0 0 0 0.603134 0 0 0 0 0.597477 0 0 0 0 0 0 0 0 0 0 0 0 0.597477 0 
C10H9NO3             CHEMBL100112                             
0 0.59538 0 0 0.604257 0 0.601026 0 0 0 0 0 0 0 0.59538 0 0 0 0 0.601027 0 0.600057 0 0 0 0 0 0 0 0 0 0.60467 0.593849 0 0 0 0 0 0 0 0 0 0 0 0.60467 0 0 0.600057 0 0 0.601027 0 0 0 0 0 0.604257 0 0.593849 0 0 0 0 0 0 0.591299 0 0 0 0 0 0.601027 0 0.600057 0 0 0 0 0 0 0 0 0 0 0.601026 0 0 0 0 0 0 0 0 0 0.5897 0 0 0 0 0.600057 0 0 0 0 0 0 0 0 0 0 0 0 0 0 0 0.601027 0 0 0 0 0 0 0 0 0 0 0 0 0 0 0.591299 0 0 0 0 0 0 0.593849 0 0 0 0 0 0 0 0 0.5897 0 0 0 0 0.600015 0.597477 0 0 0 0 0 0 0 0 0 0 0.593849 0.600015 0 0 0 0 0 0 0 0 0 0 0 0 0 0.597477 0 0 0.6 0 0 0 0 0 0 0 0 0 0 0 0 0.6 0 
C12H14O2             CHEMBL100123                             
0 0.825003 0 0.830015 0.829233 0 0 0 0 0 0 0 0 0 0.825003 0 0.827742 0 0 0.825 0 0 0 0 0 0 0 0 0 0.827742 0 0 0 0 0.827886 0.815666 0 0 0 0 0 0 0.830015 0 0 0 0.829627 0 0 0 0 0 0 0 0 0 0.829233 0 0 0.829627 0 0 0 0 0 0 0 0 0 0 0 0.825 0 0 0 0 0 0 0.821783 0 0 0 0 0 0 0 0.827886 0 0 0 0 0 0 0 0 0 0 0 0 0 0.815666 0 0 0 0 0 0 0 0 0 0 0 0 0 0 0 0 0.821783 0 0 0 0.822823 0.820842 0 0 0 0 0 0 0 0 0 0 0 0.822823 0 0 0 0.823294 0 0 0 0 0 0 0 0 0 0.820842 0 0 0.829627 0 0 0 0 0 0 0 0 0 0 0 0 0.829627 0 0 0.830487 0 0 0 0 0 0 0 0 0 0.823294 0 0 0 0.82501 0 0 0 0 0 0 0 0 0 0 0 0.830487 0.82501 0 
C12H14FN             CHEMBL100179                             
0 0.827483 0 0.825 0.830487 0 0 0 0 0 0 0 0 0 0.827483 0 0 0 0 0.825 0 0 0 0 0 0 0 0 0 0 0 0 0 0.823294 0 0 0.830487 0 0 0 0 0.825 0.825 0 0 0 0 0 0.819167 0.817102 0 0 0 0 0 0 0.830487 0 0 0 0 0 0 0 0.8333 0 0 0 0 0 0 0.825 0.823294 0 0 0 0 0 0 0 0 0 0 0 0 0 0 0.819167 0 0 0 0 0 0 0 0.825 0 0 0 0 0 0.817102 0 0 0 0 0 0 0.825095 0 0 0 0 0 0.830487 0 0.8333 0 0 0 0 0 0 0 0 0 0 0 0 0 0 0 0 0 0 0 0.832581 0.826931 0.825042 0 0 0 0 0 0 0 0 0.825095 0 0.832581 0 0 0 0 0 0 0 0 0 0 0.825 0 0 0.826931 0 0 0 0 0 0 0 0 0 0 0 0 0 0.825042 0 0 0 0 0 0 0.825 0 0 0 0 0 0 0 0 0 0 0 
C8H11N3O2S           CHEMBL100592                             
0 0.60883 0.604669 0 0 0 0.755153 0.799384 0 0 0 0 0 0 0.60883 0 0 0 0 0.6042 0 0 0 0 0 0 0 0 0.604669 0 0 0 0.6083 0 0 0 0 0.597477 0 0 0 0 0 0 0 0 0.606764 0.604669 0 0 0 0 0 0.600015 0 0 0 0 0.6083 0.606764 0 0 0 0 0 0 0.597477 0 0 0 0 0.6042 0 0.604669 0 0 0 0 0 0 0 0 0.601026 0 0.755153 0 0 0 0 0 0 0 0 0 0 0 0 0 0.799384 0 0 0 0 0 0 0 0 0 0 0 0 0 0 0 0 0 0 0 0 0 0 0.601026 0 0 0 0.6 0 0 0.597477 0 0 0 0 0 0.601026 0 0 0 0 0 0 0 0 0 0.597477 0 0 0 0 0 0 0 0 0.605212 0 0 0 0.600015 0 0 0 0 0 0 0 0 0 0 0 0 0 0 0 0.601026 0 0 0 0 0 0 0 0 0 0 0 0 0 0 0 0 0.6 0 0.605212 0 0 0 
C12H30N2             CHEMBL100622         Hexamethonium       
0 0.825031 0 0 0 0 0 0 0 0 0 0.825003 0.824989 0.831125 0.825031 0 0.823969 0 0 0 0 0 0 0 0 0 0 0 0 0.823969 0 0.829284 0 0 0 0 0 0 0 0 0 0 0 0 0.829284 0 0.823968 0 0 0 0 0 0 0 0 0 0 0 0 0.823968 0 0.82921 0 0 0 0 0 0 0 0 0 0 0 0 0.82921 0 0.823918 0 0 0 0 0 0 0 0 0 0 0 0 0.823918 0 0.829234 0 0 0 0 0 0 0 0 0 0 0 0 0.829234 0 0.825005 0.824945 0.820058 0 0 0 0 0 0 0 0 0 0 0.825005 0 0 0 0 0 0 0 0 0 0 0 0 0 0.824945 0 0 0 0 0 0 0 0 0 0 0 0 0 0.820058 0 0 0 0 0 0 0.825003 0 0 0 0 0 0 0 0 0 0 0 0 0 0.824989 0 0 0 0 0 0 0 0 0 0 0 0 0 0.831125 0 0 0 0 0 0 0 0 0 0 0 0 0 
C10H14O2             CHEMBL100672                             
0 0.825921 0.82623 0 0 0.830098 0 0 0 0 0 0 0 0 0.825921 0 0 0.822535 0 0 0 0 0 0 0 0 0 0 0.82623 0 0 0 0.825 0 0 0 0.822534 0 0 0 0 0 0 0.822535 0 0 0.827511 0 0 0 0 0 0.825 0 0 0.999986 0 0 0.825 0.827511 0 0 0 0 0 0.825921 0 0 1.00003 0 0.830098 0 0 0 0 0 0 0 0 0 0 0 0 0 0 0 0 0 0 0 0 0.822534 0.825451 0 0 0 0 0 0 0 0 0 0 0 0.822534 0 0 0 0 0 0 0 0 0 0.822534 0 0 0 0.825451 0 0 0 0 0 0 0 0 0 0 0 0.825921 0 0 0 0 0 0 0.829234 0 0 0 0 0 0.825 0 0 0 0 0 0 0 0.828779 0 0 0 0 0 0 0 0 0 0 0 0.829234 0.828779 0 0 0 0 0 0 0 1.00003 0 0 0 0 0 0 0 0 0 0 0 0 0.999986 0 0 0 0 0 0 0 0 0 0 
C7H9N5O2             CHEMBL100810                             
0 0.7041 0.71118 0 0 0 0.712932 0 0 0 0 0 0 0 0.7041 0 0 0 0 0.71535 0 0 0.703643 0 0 0 0 0 0.71118 0 0 0 0.703373 0 0 0 0 0 0 0.7125 0 0 0 0 0 0 0.7125 0.711732 0 0 0 0 0 0 0.713194 0 0 0 0.703373 0.7125 0 0 0 0 0 0.711043 0 0 0 0 0 0.71535 0 0.711732 0 0 0 0 0 0 0.7125 0 0 0 0.712932 0 0 0 0 0 0 0.705219 0 0 0 0 0 0 0 0 0 0 0 0 0.705219 0 0.709144 0 0 0 0 0.712548 0 0.703643 0 0 0 0 0 0.709144 0 0 0 0 0 0 0 0 0 0 0.711043 0 0 0 0 0 0 0 0 0 0 0 0 0 0 0.7125 0 0 0 0 0 0 0 0 0 0 0.7125 0 0 0 0 0 0 0 0 0 0 0 0 0 0 0.713194 0 0 0 0 0 0 0 0 0 0 0 0 0 0 0 0 0 0.712548 0 0 0 0 0 0 
C8H11N5S             CHEMBL100846                             
0 0.60208 0.60351 0 0 0 0 0.6 0 0 0 0 0 0 0.60208 0 0 0 0.602433 0 0 0 0 0.596913 0 0 0 0 0.60351 0 0 0.600651 0 0.596723 0 0 0 0 0 0 0 0 0 0 0.600651 0 0 0 0.598729 0 0 0 0 0 0 0 0 0.602433 0 0 0 0 0.604799 0 0 0 0.604522 0 0 0 0 0 0.596723 0 0 0 0 0 0.60013 0 0 0 0 0 0 0 0 0.598729 0.604799 0 0 0 0 0 0 0 0 0 0.6 0 0 0 0 0 0 0 0.604798 0 0 0 0 0 0 0 0 0 0 0.60013 0 0.604798 0 0 0 0 0 0 0 0.596913 0 0 0 0 0 0 0 0 0 0 0 0 0 0 0 0 0.604522 0 0 0 0 0 0 0.592535 0 0 0 0 0 0 0 0 0 0 0 0 0.592535 0 0.601505 0 0 0 0 0 0 0 0 0 0 0 0 0.601505 0 0.601539 0 0 0 0 0 0 0 0 0 0 0 0 0.601539 0 
C11H16N2O            CHEMBL100899                             
0 0.823293 0 0 0 0 0 0 0.826932 0 0 0 0 0 0.823293 0 0 0 0 0.826396 0 0 0 0 0 0 0 0 0 0 0 0.825 0.823294 0 0 0.826931 0 0 0 0 0 0 0 0 0.825 0 0 0 0 0 0 0.823294 0 0 0 0 0 0 0.823294 0 0 0 0 0 0 0 0.823294 0 0 0 0 0.826396 0 0 0 0 0.825406 0 0 0 0 0 0 0 0 0 0 0 0 0.825406 0 0 0 0.823294 0.825 0 0 0 0 0 0.826931 0 0 0 0 0 0 0 0 0.825 0.823294 0 0.826932 0 0 0 0 0 0 0 0 0 0 0 0 0 0 0 0 0.823294 0 0 0.823294 0 0 0 0 0 0 0 0 0 0 0 0.823294 0 0.825 0 0 0 0 0 0 0 0 0 0 0 0 0 0 0.825 0 0 0 0 0 0.826931 0 0 0 0 0 0 0 0.823294 0 0 0 0 0 0 0 0 0 0 0 0 0 0 0 0 0 0.826931 0 0 
C9H11NO4             CHEMBL1009           Dopar               
0 0.824999 0 0 0 0 0 0 0 0 0 0 0 0 0.824999 0 0.825025 0 0.825025 0 0 0 0 0 0 0 0 0 0 0.825025 0 0.824939 0 0 0 0 0 0 0 0 0 0.825001 0 0 0.824939 0 0 0 0 0 0 0 0 0 0 0 0 0.825025 0 0 0 0.825025 0 0 0 0 0 0 0 0 0 0 0 0 0.825025 0 0.824939 0.824999 0 0 0 0 0 0 0 0 0 0 0 0.824939 0 0 0.825025 0 0 0 0 0 0 0 0 0 0 0.824999 0 0 0 0.824939 0 0 0 0 0 0 0 0 0 0 0.825025 0 0 0 0.824999 0 0 0 0 0 0 0 0 0 0 0.824939 0 0 0.825025 0 0.825001 0 0 0 0 0 0 0 0 0 0.824999 0.825025 0 0.825025 0 0 0 0 0 0 0 0 0 0 0 0 0.825025 0 0 0 0 0 0 0 0 0 0 0 0 0.825001 0 0 0 0 0 0 0.825001 0 0 0 0 0 0 0 0 0 0 0 
C8H11N3O2S           CHEMBL100916                             
0 0.60883 0.604669 0 0 0 0.755153 0.799384 0 0 0 0 0 0 0.60883 0 0 0 0 0.6042 0 0 0 0 0 0 0 0 0.604669 0 0 0 0.6083 0 0 0 0 0.597477 0 0 0 0 0 0 0 0 0.606764 0.604669 0 0 0 0 0 0 0 0 0 0 0.6083 0.606764 0 0 0 0 0 0 0.597477 0 0 0 0 0.6042 0 0.604669 0 0 0 0 0 0 0 0 0.601026 0 0.755153 0 0 0 0 0 0 0 0 0 0 0 0 0 0.799384 0 0 0 0 0 0 0 0 0 0 0 0 0 0 0 0 0 0 0 0 0 0 0.601026 0 0.6 0 0 0 0 0.597477 0 0 0 0 0 0.601026 0 0 0 0 0 0 0 0 0 0.597477 0 0 0 0 0 0 0.605212 0 0 0 0 0 0 0 0 0 0 0.6 0 0.605212 0 0 0 0 0 0 0 0 0.601026 0 0 0 0 0 0 0 0.593353 0 0 0 0 0 0 0 0 0 0 0 0 0.593353 0 
C11H16N2O            CHEMBL100917                             
0 0.823293 0 0 0 0.826932 0 0 0 0 0 0 0 0 0.823293 0 0 0.826396 0 0 0 0 0 0 0 0 0 0 0 0 0 0.825406 0.825 0 0 0.823294 0 0 0 0 0 0 0 0.826396 0.825406 0 0 0 0 0 0 0 0 0 0 0 0 0 0.825 0 0 0 0.830487 0 0.823294 0 0 0 0 0 0.826932 0 0 0 0 0 0 0 0 0 0 0 0 0 0 0 0 0 0.830487 0 0 0 0 0.823294 0 0 0 0 0 0 0.823294 0 0 0 0 0 0 0 0 0 0.823294 0 0 0 0 0 0.823294 0 0 0 0 0 0 0 0 0.823294 0 0 0 0 0 0 0.823294 0 0 0 0.826931 0 0 0 0 0 0 0 0 0 0 0 0 0.826931 0 0.823294 0 0 0 0 0 0 0 0 0 0 0 0 0.823294 0 0 0 0 0 0 0 0 0 0 0.823294 0 0 0 0 0 0.825 0 0 0 0 0 0 0 0 0.823294 0 0 0 0.825 0 
C12H12N2             CHEMBL101165         4,4'-Dimethyl-[2,2']Bipyridinyl
0 0.8333 0.830487 0 0.823294 0 0 0 0 0 0 0 0 0 0.8333 0 0 0.830487 0 0.823294 0 0 0 0 0 0 0 0 0.830487 0 0 0 0 0 0 0 0.825 0 0 0 0 0 0 0.830487 0 0 0 0 0 0 0 0.8292 0 0 0 0 0.823294 0 0 0 0 0 0 0.825 0 0 0 0 0 0 0 0.823294 0 0 0 0 0.8292 0 0 0 0 0 0 0 0 0 0 0 0 0.8292 0 0 0 0 0 0.823294 0 0.833237 0 0 0 0 0.825 0 0 0 0 0 0.823294 0 0.833237 0 0 0 0.825 0 0 0 0 0 0 0 0.830487 0 0 0 0 0 0 0.8292 0 0 0 0 0 0 0 0.830487 0 0 0 0 0 0 0 0 0 0.823294 0.830487 0 0 0 0 0 0 0 0 0 0 0 0.823294 0 0 0.830487 0 0 0 0 0 0 0 0 0 0 0 0.833237 0 0 0 0 0 0 0 0 0 0 0 0 0.833237 0 0 0 0 0 0 0 
C7H9N5O2             CHEMBL101273                             
0 0.8167 0.823294 0 0 0 0.82623 0 0 0 0 0 0 0 0.8167 0 0 0 0 0.827484 0 0 0.816911 0 0 0 0 0 0.823294 0 0 0 0.819167 0 0 0 0 0 0 0.825 0 0 0 0 0 0 0.825 0.827484 0 0 0 0 0 0 0.823294 0 0 0 0.819167 0.825 0 0 0 0 0 0.823294 0 0 0 0 0 0.827484 0 0.827484 0 0 0 0 0 0 0.825 0 0 0 0.82623 0 0 0 0 0 0 0.818605 0 0 0 0 0 0 0 0 0 0 0 0 0.818605 0 0.819155 0 0 0 0 0 0 0.816911 0 0 0 0 0 0.819155 0 0 0 0 0 0.828779 0 0 0 0 0.823294 0 0 0 0 0 0 0 0 0 0 0 0 0 0 0.825 0 0 0 0 0 0 0 0 0 0 0.825 0 0 0 0 0 0 0 0 0 0 0 0 0 0 0.823294 0 0 0 0 0 0 0 0 0 0 0 0 0 0 0 0 0 0 0.828779 0 0 0 0 0 
C12H14O2             CHEMBL101276                             
0 0.825002 0 0.828316 0.829234 0 0 0 0 0 0 0 0 0 0.825002 0 0.827742 0 0 0.825 0 0 0 0 0 0 0 0 0 0.827742 0 0 0 0 0.827886 0.819723 0 0 0 0 0 0 0.828316 0 0 0 0.825451 0 0 0 0 0 0 0 0 0 0.829234 0 0 0.825451 0 0 0 0 0 0 0 0 0 0 0 0.825 0 0 0 0 0 0 0.82387 0 0 0 0 0 0 0 0.827886 0 0 0 0 0 0 0 0 0 0 0 0 0 0.819723 0 0 0 0 0 0 0 0 0 0 0 0 0 0 0 0 0.82387 0 0 0 0.826931 0.816742 0 0 0 0 0 0 0 0 0 0 0 0.826931 0 0 0 0.823293 0 0 0 0 0 0 0 0 0 0.816742 0 0 0.827484 0 0 0 0 0 0 0 0 0 0 0 0 0.827484 0 0 0.828409 0 0 0 0 0 0 0 0 0 0.823293 0 0 0 0.829211 0 0 0 0 0 0 0 0 0 0 0 0.828409 0.829211 0 
C13H17N              CHEMBL101362                             
0 0.827401 0 0 0 0.822925 0 0 0 0 0 0 0 0 0.827401 0 0.825522 0 0 0 0 0 0 0 0 0 0 0 0 0.825522 0 0.827071 0 0 0.822801 0 0 0 0 0 0 0 0 0 0.827071 0 0.830505 0 0 0 0 0 0 0 0 0 0 0 0 0.830505 0 0.824074 0 0 0 0 0 0 0 0 0.822925 0 0 0 0.824074 0 0 0 0 0 0 0 0 0 0 0 0.822801 0 0 0 0 0.826149 0 0 0 0.821734 0 0 0 0 0 0 0 0 0.826149 0 0.824201 0 0 0 0 0 0 0 0 0 0 0 0 0.824201 0 0.825872 0 0 0 0 0 0 0 0 0 0 0 0 0.825872 0 0.829258 0 0.825 0 0 0 0 0 0 0 0 0 0 0.829258 0 0.822805 0 0 0 0 0 0 0 0 0.821734 0 0 0 0.822805 0 0 0 0 0 0 0 0 0 0 0 0 0.825 0 0 0 0.824992 0 0 0 0 0 0 0 0 0 0 0 0 0.824992 0 
C12H9BrO             CHEMBL101423                             
0 0.825 0.819167 0 0.82435 0 0 0 0 0 0 0 0 0 0.825 0 0 0.819662 0 0 0 0 0 0 0 0 0 0 0.819167 0 0 0 0 0.825042 0 0 0 0.822822 0 0 0 0 0 0.819662 0 0 0 0 0.823294 0 0 0 0.8333 0 0 0 0.82435 0 0 0 0 0 0 0.816121 0 0 0 0 0 0 0 0 0.825042 0 0 0 0 0 0 0 0 0 0 0 0 0 0 0.823294 0 0 0 0.812511 0 0 0 0.827483 0 0 0 0 0 0 0.816121 0 0.812511 0 0 0 0 0 0 0 0 0 0 0 0 0 0 0 0 0.825 0 0 0 0 0 0 0.822822 0 0 0 0 0 0.825 0 0 0 0 0 0 0 0 0.8333 0 0 0 0 0 0 0 0 0.823294 0 0 0 0 0 0 0 0.827483 0 0 0 0 0 0 0.825 0 0 0 0 0 0 0 0 0 0 0.823294 0 0 0.823294 0 0 0 0 0 0 0 0 0 0 0 0.825 0.823294 0 
C8H11N3O2S           CHEMBL101502                             
0 0.60883 0.604669 0 0 0 0.755153 0.799384 0 0 0 0 0 0 0.60883 0 0 0.6042 0 0 0 0 0 0.604669 0 0 0 0 0.604669 0 0 0 0 0.6083 0 0 0 0 0.597477 0 0 0 0 0.6042 0 0 0.604669 0 0 0 0 0 0 0 0.601026 0 0 0 0 0.604669 0 0.606764 0 0 0 0 0 0 0 0 0 0 0.6083 0 0.606764 0 0 0 0 0 0 0.597477 0 0 0.755153 0 0 0 0 0 0 0 0 0 0 0 0 0 0.799384 0 0 0 0 0 0 0 0 0 0 0 0 0 0 0 0 0 0 0 0 0 0 0 0.601026 0 0 0.6 0 0.604669 0 0 0 0 0 0 0 0 0 0 0 0 0 0 0.597477 0 0 0 0 0 0.601026 0 0 0 0 0 0 0 0 0 0 0.597477 0 0 0 0 0 0 0 0.605212 0 0 0 0.601026 0 0 0 0 0 0 0 0 0 0 0 0 0 0 0 0 0 0 0.6 0 0 0.605212 0 0 
C10H12ClN3           CHEMBL101530                             
0 0 0 0.76014 0.749623 0.762106 0 0 0 0 0 0 0 0 0 0 0 0.75208 0 0 0 0.7542 0 0 0 0 0 0 0 0 0 0 0 0.680377 1.44257 0 0 0 0.751534 0 0 0 0.76014 0.75208 0 0 0 0 0 0 0 0 0 0.752081 0 0 0.749623 0 0 0 0 0 0.709423 0 0 0.788435 0 0 0 0 0.762106 0 0.680377 0 0 0 0 0 0 0 0 0 0 0 0 0 1.44257 0 0.709423 0 0 0 0 0 0 0 0 0 0 0.7542 0 0 0 0 0 0 0 0 0 0 0.763049 0.763049 0 0 0 0 0 0 0 0 0 0 0 0.757176 0 0.753977 0 0 0 0 0.788435 0 0 0 0 0 0.710152 0 0 0 0 0 0.751534 0 0 0 0 0 0 0.710152 0 0 0 0 0 0 0 0.752081 0 0 0 0 0.757176 0 0 0 0 0 0 0 0 0 0 0 0 0.763049 0 0 0 0 0 0 0 0 0 0 0 0 0 0.763049 0.753977 0 0 0 0 0 
C7H7N5O2             CHEMBL101541                             
0 0.824938 0 0 0 0 0 0 0 0 0 0.825 0 0 0.824938 0 0.825025 0 0 0 0 0 0 0 0 0 0 0 0 0.825025 0 0.825025 0 0 0.825 0 0 0 0 0 0 0 0 0 0.825025 0 0.824939 0 0 0 0 0 0 0 0 0 0 0 0 0.824939 0 0.825025 0 0 0.825 0 0 0 0 0 0 0 0 0 0.825025 0 0 0 0 0 0 0 0 0 0 0 0.825 0 0 0 0 0.825025 0 0 0.825025 0 0 0 0 0 0 0 0 0 0.825025 0 0.824939 0.825 0 0 0 0 0 0 0 0 0.825 0 0 0.824939 0 0 0 0 0 0 0 0 0 0 0 0 0 0.825 0 0 0 0 0 0 0 0 0 0 0 0 0.825025 0 0 0 0 0.824938 0 0 0.825 0 0 0 0 0 0 0 0 0 0.824938 0 0.825025 0 0 0 0 0 0 0 0 0 0 0 0 0.825025 0 0.825 0 0 0 0 0 0 0 0 0 0 0 0 0.825 0 
C9H6N4S              CHEMBL101544                             
0 0.812722 0.824149 0.823987 0 0 0 0 0 0 0 0 0 0 0.812722 0 0 0 0 0.825852 0 0 0 0 0 0 0 0 0.824149 0 0 0 0 0 0 0 0.824053 0 0 0 0 0 0.823987 0 0 0 0.823867 0 0 0 0 0 0 0 0 0 0 0 0 0.823867 0 0.810972 0 0.824777 0 0 0 0 0 0 0 0.825852 0 0 0.810972 0 0 0 0 0 0 0 0 0 0 0 0 0 0 0 0 0.819722 0 0 0 0 0 0 0 0 0 0 0.824777 0 0.819722 0 0 0 0 0 0 0 0 0 0.824053 0 0 0 0 0 0 0.822614 0 0.826608 0 0 0 0 0 0 0 0 0 0 0.822614 0 0.823362 0 0 0 0 0 0 0 0 0 0 0 0 0.823362 0 0 0.826608 0 0 0 0 0 0 0 0 0 0.826608 0 0 0 0 0.824052 0 0 0 0 0 0 0 0 0 0 0.826608 0 0 0.825852 0 0 0 0 0 0 0 0 0 0 0 0.824052 0.825852 0 
C8H11N3O2S           CHEMBL101546                             
0 0.604669 0.60883 0 0 0 0.755152 0.799384 0 0 0 0 0 0 0.604669 0 0 0 0 0.6083 0 0 0.597477 0 0 0 0 0 0.60883 0 0 0 0.6042 0 0 0 0 0.604669 0 0 0 0 0 0 0 0 0.604669 0.606764 0 0 0 0 0.600015 0 0 0 0 0 0.6042 0.604669 0 0 0 0 0 0 0 0 0 0 0 0.6083 0 0.606764 0 0 0 0 0 0 0 0.597477 0 0 0.755152 0 0 0 0 0 0 0 0 0 0 0 0 0 0.799384 0 0 0 0 0 0 0 0 0 0 0 0 0 0 0.597477 0 0 0 0 0 0 0 0 0 0 0.601026 0 0 0 0.604669 0 0 0 0 0 0 0 0 0 0 0 0 0 0 0.600015 0 0 0 0 0 0 0 0 0 0 0 0 0 0 0 0.597477 0 0 0 0 0 0 0 0.605212 0 0 0 0 0 0 0 0 0.601026 0 0 0 0 0.6 0 0 0 0 0 0 0 0 0 0 0 0.605212 0.6 0 
C5H9NO7S             CHEMBL101776         Methyl              
0 0.82501 0.823294 0.821197 0 0 0 0 0 0 0 0 0 0 0.82501 0 0 0 0 0.816796 0.833394 0 0 0.825 0 0 0 0 0.823294 0 0 0 0.825 0 0 0 0 0 0 0 0 0 0.821197 0 0 0 0 0 0 0.827483 0 0 0.825042 0 0 0 0 0 0.825 0 0 0 0 0 0.827484 0 0 0.830487 0 0 0 0.816796 0 0 0 0 0 0 0 0 0 0 0 0 0 0.833394 0 0 0 0 0 0 0 0 0 0 0 0 0 0 0 0.827483 0 0 0 0 0 0 0 0 0 0 0 0 0 0 0.827484 0 0 0 0 0 0 0 0 0 0 0.825 0 0 0 0 0 0 0 0 0 0 0 0 0 0 0 0.825042 0 0 0 0 0 0 0 0 0.822822 0 0 0 0 0 0.830487 0 0 0 0 0 0 0 0 0.825011 0 0 0 0 0 0 0 0 0 0 0.822822 0 0 0 0 0 0 0 0 0 0 0 0 0 0 0.825011 0 0 
C9H17N3O2            CHEMBL101999                             
0 0.822534 0 0.825 0 0 0.828779 0 0 0 0 0 0 0 0.822534 0 0 0 0 0.826675 0 0 0 0 0 0 0 0.825451 0 0 0 0 0.827511 0 0 0 0.825311 0 0 0.826011 0 0 0.825 0 0 0 0 0 0 0 0 0.827511 0 0 0 0 0 0 0.827511 0 0 0 0 0.822901 0 0 0.825042 0 0 0 0 0.826675 0 0 0 0 0 0 0 0 0 0 0 0 0.828779 0 0 0 0 0 0 0 0 0 0 0 0.829234 0 0 0 0 0 0.822901 0 0 0 0 0.827511 0 0 0 0 0 0 0.825311 0 0 0 0 0 0 0 0 0 0 0 0 0 0 0.827511 0 0 0 0.827511 0 0 0 0 0.825921 0 0 0 0 0 0.825042 0 0 0 0 0 0 0 0 0 0 0 0.826011 0 0 0 0 0 0 0 0 0 0 0 0 0 0 0 0 0 0.829234 0 0 0.825921 0 0 0 0 0 0.825451 0 0 0 0 0 0 0 0 0 0 0 0 
C9H17N3O2            CHEMBL102053                             
0 0.820052 0 0.825 0 0 0.82623 0 0 0 0 0 0 0 0.820052 0 0 0 0 0.828316 0 0 0 0 0 0 0 0.829627 0 0 0 0 0.827511 0 0 0 0.826149 0 0 0.826011 0 0 0.825 0 0 0 0 0 0 0 0 0.827511 0 0 0 0 0 0 0.827511 0 0 0 0 0.831602 0 0 0.825011 0 0 0 0 0.828316 0 0 0 0 0 0 0 0 0 0 0 0 0.82623 0 0 0 0 0 0 0 0 0 0 0 0.822534 0 0 0 0 0 0.831602 0 0 0 0 0.830098 0 0 0 0 0 0 0.826149 0 0 0 0 0 0 0 0 0 0 0 0 0 0 0.827511 0 0 0 0.830098 0 0 0 0 0.825921 0 0 0 0 0 0.825011 0 0 0 0 0 0 0 0 0 0 0 0.826011 0 0 0 0 0 0 0 0 0 0 0 0 0 0 0 0 0 0.822534 0 0 0.825921 0 0 0 0 0 0.829627 0 0 0 0 0 0 0 0 0 0 0 0 
C10H14O2             CHEMBL102115                             
0 0.817643 0.82623 0 0 0.827511 0 0 0 0 0 0 0 0 0.817643 0 0 0.817642 0 0 0 0 0 0 0 0 0 0 0.82623 0 0 0 0.825 0 0 0 0.822534 0 0 0 0 0 0 0.817642 0 0 0.82623 0 0 0 0 0 0.825 0 0 1.00001 0 0 0.825 0.82623 0 0 0 0 0 0.822534 0 0 0.999986 0 0.827511 0 0 0 0 0 0 0 0 0 0 0 0 0 0 0 0 0 0 0 0 0.829234 0.829627 0 0 0 0 0 0 0 0 0 0 0 0.829234 0 0 0 0 0 0 0 0 0 0.822534 0 0 0 0.829627 0 0 0 0 0 0 0 0 0 0 0 0.822534 0 0 0 0 0 0 0.832635 0 0 0 0 0 0.825 0 0 0 0 0 0 0 0.830098 0 0 0 0 0 0 0 0 0 0 0 0.832635 0.830098 0 0 0 0 0 0 0 0.999986 0 0 0 0 0 0 0 0 0 0 0 0 1.00001 0 0 0 0 0 0 0 0 0 0 
C9H7Cl2N3            CHEMBL1022                               
0 0 0.593848 0.599088 0.603247 0 0 0 0 0 0 0 0 0 0 0 0.604669 0 0 0.604669 0.6125 0 0 0 0 0 0 0 0.593848 0.604669 0 0 0 0 0 0 0 0 0 0 0 0 0.599088 0 0 0 0 0 0 0.602079 0 0 0 0 0 0 0.603247 0 0 0 0 0 0 0 0.600651 0 0 0 0 0 0 0.604669 0 0 0 0 0 0 0 0.6 0 0 0 0.593848 0 0.6125 0 0 0 0 0 0 0 0 0.429866 0 0.598566 0 0 0 0 0.602079 0 0 0 0 0.593849 0 0 0 0 0 0 0 0 0 0.600651 0 0 0.593849 0 0 0 0 0 0 0 0 0 0 0 0.6 0 0 0 0 0 0 0 0 0 0 0 0 0 0 0.429866 0 0 0 0 0 0 0 0 0 0 0 0 0 0 0 0 0 0 0 0.593848 0.6 0 0 0 0 0 0 0.598566 0 0 0 0 0.593848 0 0 0 0 0 0 0 0.593848 0 0 0 0 0 0.6 0 0 
C7H14O6              CHEMBL102231                             
0 0 0.828409 0.975412 0 0 0.818832 0 0 0 0 0 0 0 0 0 0 0 0.937833 0.834135 0 0 0 0 0 0 0 0 0.828409 0 0 0 0.711513 0 0 0.837069 0 0 0 0 0 0 0.975412 0 0 0 0 0.676041 0 0 0.825042 0 0 0 0 0 0 0.937833 0.711513 0 0 0 0 0 0 0.821063 0 0 0 0 0 0.834135 0 0.676041 0 0 0 0 0 0 0.825011 0 0 0.823683 0.818832 0 0 0 0 0 0 0 0 0 0 0 0 0 0 0 0.837069 0 0 0 0 0 0 0 0 0 0 0 0 0 0 0.825042 0 0 0 0 0 0 0 0 0 0 0 0 0 0 0.821063 0 0 0 0 0 0 0.820767 0 0 0 0 0 0 0 0.825011 0 0 0 0 0 0 0.816121 0 0 0 0 0 0 0 0 0 0 0.820767 0 0 0 0 0 0 0 0 0 0 0 0 0 0 0.816121 0 0 0 0 0 0 0 0 0.823683 0 0 0 0 0 0 0 0 
C10H24N4             CHEMBL102323                             
0 0.826931 0.823294 0.825 0 0 0 0 0 0 0 0 0 0 0.826931 0 0 0 0 0 0 0 0 0 0 0 0 0 0.823294 0 0 0 0 0.823294 0 0 0 0 0 0 0 0 0.825 0 0 0 0 0 0 0 0 0 0 0 0 0 0 0 0 0 0 0 0.834641 0.827483 0 0 0 0 0 0 0 0 0.823294 0 0 0 0 0 0 0.827483 0 0 0 0 0 0 0 0 0.834641 0 0 0 0 0 0 0 0 0.8167 0 0 0 0 0.827483 0 0 0 0.827483 0 0 0 0 0 0 0 0 0 0 0 0 0.827483 0 0 0 0 0.827483 0 0 0 0 0 0 0.827483 0 0 0 0 0 0.827484 0 0 0 0 0 0 0 0 0 0 0 0 0 0.827483 0.827483 0 0 0 0 0 0 0 0 0 0 0.827484 0.827483 0 0 0 0 0 0 0 0 0 0 0 0.827483 0 0.827483 0 0 0 0 0 0 0 0 0 0.8167 0 0 0 0 0 0 0 
C11H13NO2            CHEMBL102358         Idrocilamide        
0 0.593849 0 0.6083 0.60467 0 0 0 0 0 0 0 0 0 0.593849 0 0.619641 0 0 0 0 0 0 0 0 0 0 0 0 0.619641 0 0 0 0.613517 0 0 0 0 0 0 0 0 0.6083 0 0 0 0 0 0 0 0 0 0 0 0 0 0.60467 0 0 0 0 0 0 0.604669 0 0 0 0 0 0 0 0 0.613517 0 0 0 0 0 0 0.595379 0.6 0 0 0 0 0 0 0 0 0 0 0 0.597477 0 0 0 0 0 0 0 0 0 0.604669 0 0 0 0.601027 0 0 0 0 0 0 0 0 0 0 0 0.597477 0.601027 0 0 0 0 0 0 0 0 0 0 0 0.595379 0 0 0 0 0 0 0.598941 0 0 0 0 0 0 0.6 0 0 0 0 0 0.595981 0 0 0 0 0 0 0 0 0 0 0 0 0.595981 0 0 0.610967 0 0 0 0 0 0 0 0 0 0.598941 0 0 0 0.5917 0 0 0 0 0 0 0 0 0 0 0 0.610967 0.5917 0 
C7H15Cl2N2O2P        CHEMBL1024           MJF-9325            
0 0.823514 0.831051 0.823801 0.82478 0 0 0 0 0 0 0 0 0 0.823514 0 0 0 0 0.830965 0 0.825269 0 0 0 0 0 0 0.831051 0 0 0 0 0 0 0 0 0 0 0.824069 0 0 0.823801 0 0 0 0 0 0 0 0 0 0 0 0 0 0.82478 0 0 0 0 0 0.828313 0 0 0 0 0 0 0 0 0.830965 0 0 0 0 0 0 0 0 0 0 0.828057 0 0 0 0 0 0.828313 0 0 0 0 0 0 0 0 0.831 0 0.825269 0 0 0 0 0 0 0 0 0.824069 0 0 0 0 0 0 0 0 0 0 0 0 0 0 0 0.830999 0 0 0 0 0 0 0 0 0 0 0 0 0 0 0.823921 0 0 0 0 0 0 0 0.824069 0 0 0 0.823715 0 0 0 0 0.824069 0 0 0 0 0 0 0 0.823715 0 0 0 0 0 0 0 0 0.828057 0 0 0.830999 0 0 0 0 0 0 0 0 0 0 0 0.831 0 0 0.823921 0 0 0 0 
C10H13ClN2O          CHEMBL10256                              
0 0.819167 0 0 0 0 0 0.823294 0 0 0 0 0 0 0.819167 0 0.8333 0 0 0 0 0 0.823294 0 0 0 0 0 0 0.8333 0 0.811958 0 0 0 0 0 0 0 0 0 0.826396 0 0 0.811958 0 0 0.819167 0 0 0 0 0 0 0 0 0 0 0 0 0 0 0 0 0 0 0 0.823294 0.818917 0 0 0 0 0.819167 0 0 0.823683 0.825042 0 0 0 0 0 0 0 0 0 0 0 0.823683 0 0 0 0.83085 0 0 0 0 0.823294 0 0 0 0 0.825042 0 0 0 0 0 0 0 0 0 0.823294 0 0 0 0 0 0 0 0 0 0 0 0 0 0 0 0 0 0 0.83085 0 0 0 0.822439 0 0.817198 0 0 0 0 0 0 0 0 0 0 0.822439 0 0.823199 0 0 0 0 0 0 0.823294 0 0 0 0 0 0.823199 0 0 0 0 0 0 0 0.818917 0 0 0 0 0.817198 0 0 0 0 0 0 0.826396 0 0 0 0 0 0 0 0 0 0 0 
C11H15N3             CHEMBL102560                             
0 0 0.825 0.823294 0.825406 0 0 0 0 0 0 0 0 0 0 0 0.821197 0 0 0 0 0 0 0.816241 0.821197 0 0 0 0.825 0.821197 0 0 0 0 0 0 0 0 0 0 0 0 0.823294 0 0 0 0 0.823294 0 0 0 0 0 0.825 0 0 0.825406 0 0 0 0 0 0 0.825406 0.825406 0 0 0 0 0 0 0 0 0.823294 0 0 0 0 0 0 0 0 0.819167 0 0 0 0 0 0 0 0 0 0 0 0 0.823294 0 0.834641 0 0 0 0 0.825406 0 0 0 0 0.819722 0 0 0 0 0 0 0 0 0.825406 0 0 0 0 0 0.825 0 0 0 0 0.816241 0 0 0 0 0 0.819722 0 0 0 0 0 0 0 0.821197 0 0 0 0 0 0 0.825 0 0 0 0 0 0 0 0 0.825 0 0 0.823294 0 0 0 0 0 0 0 0 0 0 0 0 0.819167 0 0 0 0 0 0 0 0.825042 0 0 0 0 0 0 0.834641 0 0 0 0 0 0.825042 0 
C12H13NO             CHEMBL102613                             
0 0 0.601027 0.597477 0 0 0 0 0 0 0 0 0 0 0 0 0 0 0.600015 0 0 0.593353 0.594886 0 0 0 0 0 0.601027 0 0 0 0 0 0.6083 0 0 0 0 0 0 0 0.597477 0 0 0 0 0.6083 0 0 0 0 0 0 0 0 0 0.600015 0 0 0 0.597477 0.601027 0 0 0 0 0 0 0 0 0 0 0.6083 0.597477 0 0 0 0 0 0 0 0 0 0 0 0.6083 0 0.601027 0 0 0 0 0 0 0 0 0 0 0.593353 0 0 0 0 0 0 0 0 0 0.6 0 0 0 0.594886 0 0 0 0 0 0 0 0 0.600015 0 0 0 0 0 0 0 0 0 0 0 0 0 0.599597 0.604669 0.6 0 0 0 0 0 0 0 0 0 0.600015 0.599597 0 0 0 0 0 0 0 0 0 0 0 0.6 0 0.604669 0 0 0 0 0 0 0 0 0 0 0 0 0 0.6 0 0 0 0.605212 0 0 0 0 0 0 0 0 0 0 0 0 0.605212 0 
C8H18N4S2            CHEMBL102640                             
0 0 0.826004 0 0.82251 0 0 0.825169 0 0 0 0 0 0 0 0 0 0.825 0 0.823294 0.823294 0 0 0 0 0 0 0 0.826004 0 0 0 0 0 0 0 0 0 0 0 0 0 0 0.825 0 0 0 0 0 0 0 0 0 0 0 0 0.82251 0 0 0 0 0 0 0 0 0.823294 0 0 0 0 0 0.823294 0 0 0 0 0 0 0.823294 0 0 0 0 0 0 0.823294 0 0 0 0 0 0 0 0 0 0 0 0 0.825169 0 0 0 0 0 0 0 0 0 0 0 0 0 0 0 0 0 0 0.823294 0 0 0 0 0 0.826931 0 0 0 0 0 0 0.823294 0 0 0 0 0 0.823294 0 0 0 0 0 0 0 0 0 0 0 0 0.823294 0 0 0.823294 0 0 0 0 0 0 0 0 0 0.826931 0 0 0 0 0.823294 0 0 0 0 0 0 0 0 0 0 0.823294 0 0 0.830487 0 0 0 0 0 0 0 0 0 0 0 0.823294 0.830487 0 
C10H22N4             CHEMBL102800                             
0 0 0.825 0 0 0.823294 0 0.823294 0 0 0 0 0 0 0 0 0 0.825 0.826931 0 0.823294 0 0 0 0 0 0 0 0.825 0 0 0 0 0 0 0 0 0 0 0 0 0 0 0.825 0 0 0 0 0 0 0 0 0 0 0 0 0 0.826931 0 0 0 0 0 0 0 0 0 0 0 0 0.823294 0 0 0 0 0 0 0 0 0 0 0 0 0 0 0.823294 0 0 0 0 0 0 0 0.823294 0 0 0 0 0.823294 0 0 0 0 0 0 0 0.823294 0 0 0 0 0 0 0 0 0 0 0 0 0.823294 0 0 0 0.826931 0 0 0 0 0 0 0 0 0.823294 0 0 0 0 0 0.823294 0 0 0 0 0 0 0 0 0 0 0 0 0.823294 0 0.830487 0 0 0 0 0 0 0 0 0.826931 0 0.823294 0 0 0 0 0 0 0 0 0 0 0 0 0.823294 0 0 0 0.823294 0 0 0 0 0 0 0 0 0 0 0.830487 0 0.823294 0 
C11H16N2O            CHEMBL103163                             
0 0 0.830487 0 0 0 0 0 0 0 0 0.823294 0.825 0.822017 0 0 0 0.823294 0 0 0 0 0.828409 0 0 0 0 0 0.830487 0 0 0 0.823294 0.8292 0 0 0 0 0 0 0 0 0 0.823294 0 0 0 0 0.823294 0 0 0 0 0 0 0 0 0 0.823294 0 0 0 0 0 0 0 0.826931 0 0 0 0 0 0.8292 0 0 0 0 0 0 0.823294 0 0 0 0 0 0 0 0.823294 0 0 0 0.827484 0 0 0 0 0 0 0 0 0 0 0 0 0.827484 0 0 0.826931 0.8292 0 0 0 0 0.828409 0 0 0 0 0 0 0 0 0 0 0 0 0 0 0 0 0 0.823294 0 0.826931 0 0 0 0 0 0 0 0 0 0 0.826931 0 0 0.8292 0 0 0 0 0 0 0.823294 0 0 0 0 0 0 0 0 0 0 0 0 0 0.825 0 0 0 0 0 0 0 0 0 0 0 0 0 0.822017 0 0 0 0 0 0 0 0 0 0 0 0 0 
C12H18N2             CHEMBL103225                             
0 0.829055 0 0 0 0 0 0 0.824052 0.816148 0 0 0 0 0.829055 0 0.830487 0 0 0 0 0 0 0 0.825545 0 0 0 0 0.830487 0 0 0.8292 0.823294 0 0 0 0 0 0 0 0 0 0 0 0 0.823294 0 0.823294 0 0 0 0 0 0 0 0 0 0.8292 0.823294 0 0 0 0 0 0 0 0 0 0 0 0 0.823294 0 0 0 0 0.823294 0 0 0 0 0 0 0 0 0 0.823294 0 0 0 0.8292 0 0 0 0 0.840387 0 0 0 0 0 0 0.823294 0.8292 0 0 0 0 0 0 0 0.824052 0 0 0 0 0 0 0 0 0 0 0.818357 0 0 0.816148 0 0 0 0 0 0 0 0 0 0 0 0 0 0 0.825545 0 0 0 0 0 0 0 0 0 0.831038 0 0 0 0 0 0 0 0 0 0 0.818357 0 0.831038 0 0 0 0 0 0 0 0 0 0.840387 0 0 0 0 0 0 0.819166 0 0 0 0 0 0 0 0 0 0 0 0 0.819166 0 
C11H14N2O            CHEMBL10323                              
0 0 0 0 0 0 0 0 0 0.823294 0 0.819167 0 0 0 0 0 0 0 0 0 0 0 0 0 0 0.823294 0.818917 0 0 0 0.823683 0 0 0.819167 0 0 0.825042 0 0 0 0 0 0 0.823683 0 0 0 0 0 0.83085 0 0 0 0 0 0 0 0 0 0 0.825 0 0.826396 0 0 0 0 0 0 0 0 0 0 0.825 0 0 0 0 0 0 0 0 0 0 0 0.819167 0 0 0 0 0.811958 0 0 0 0 0 0 0 0 0 0 0.826396 0 0.811958 0 0 0 0 0.8333 0 0 0 0 0 0.83085 0 0 0 0 0 0 0.822439 0 0 0.817198 0.823294 0 0.825042 0 0 0 0 0 0 0 0 0 0 0 0 0 0 0 0 0 0 0 0.822439 0 0 0 0.823199 0 0.819167 0 0 0 0 0 0 0.8333 0 0 0 0 0 0 0 0.823294 0 0 0 0 0 0 0 0 0.823199 0 0 0 0 0.818917 0 0 0 0 0 0 0.817198 0 0 0 0 0 
C11H16N2O            CHEMBL103313                             
0 0.823293 0 0 0.826932 0 0 0 0 0 0 0 0 0 0.823293 0 0.826396 0 0 0 0 0 0 0 0 0 0 0 0 0.826396 0 0.825406 0 0 0 0 0 0 0 0 0 0 0 0 0.825406 0 0 0 0.825 0.823294 0 0 0 0 0 0 0.826932 0 0 0 0 0 0 0 0 0 0 0 0 0 0 0 0 0 0 0 0 0 0.823294 0.825 0.826931 0 0 0 0 0 0 0.825 0 0 0 0 0.823294 0 0 0 0 0 0 0 0 0.823294 0 0 0 0 0 0.823294 0 0 0 0 0 0 0 0 0 0.823294 0.823294 0 0 0 0 0 0 0 0 0 0 0 0 0.825 0 0.823294 0 0 0 0 0 0 0 0 0 0 0 0.826931 0 0 0 0 0 0.823294 0 0 0 0 0 0 0 0 0 0 0 0 0.823294 0 0.830487 0 0 0 0 0 0 0 0 0 0 0 0 0.830487 0 0.823294 0 0 0 0 0 0 0 0 0 0 0 0 0.823294 0 
C9H23N5              CHEMBL103613                             
0 0.829035 0.825011 0.823293 0 0 0 0 0 0 0 0 0 0 0.829035 0 0 0 0 0 0 0 0 0 0 0 0 0 0.825011 0 0 0 0 0 0.823293 0 0 0 0 0 0 0 0.823293 0 0 0 0 0 0 0 0 0 0 0 0 0 0 0 0 0 0 0 0 0.823294 0.823294 0 0 0 0 0 0 0 0 0 0 0 0 0 0 0.823294 0 0 0 0 0 0 0.823293 0 0 0 0 0 0 0 0.823294 0 0 0 0 0 0 0 0.823294 0 0 0 0 0 0 0 0.819166 0 0 0 0 0 0.823294 0 0 0 0 0 0 0.823294 0 0 0 0 0 0 0 0.823294 0 0 0 0 0 0 0 0.823294 0 0 0 0 0 0 0.823294 0 0 0 0 0 0.823294 0 0 0 0 0 0 0 0 0 0.823294 0 0 0 0 0.823294 0 0 0 0 0 0 0 0.819166 0 0 0.823294 0 0 0 0 0 0 0 0 0 0 0 0 0.823294 0 0.823294 0 0 
C8H11N3O2S           CHEMBL103741                             
0 0.825 0 0.824939 0 0 0 0 0 0 0 0 0 0 0.825 0 0.824939 0 0 0 0 0 0 0 0 0 0 0 0 0.824939 0 0 0 0.825025 0 0 0 0 0 0 0 0 0.824939 0 0 0 0.825025 0 0 0 0 0 0 0 0 0 0 0 0 0.825025 0 0.825 0 0 0 0.825025 0 0 0 0 0 0 0.825025 0 0.825 0 0.825025 0 0 0 0 0 0 0 0 0 0 0 0 0.825025 0 0.824939 0 0 0.824965 0.824965 0 0 0 0 0 0 0 0 0.824939 0 0.825 0 0 0 0 0 0 0 0 0 0 0 0 0.825 0 0.824939 0 0 0 0 0 0 0 0 0.825025 0 0 0 0.824939 0 0 0 0.825 0 0 0 0 0 0 0 0.824965 0 0 0 0 0 0 0 0 0 0 0 0 0 0.824965 0 0 0 0 0 0 0 0 0 0 0 0 0 0 0 0 0.825 0 0 0 0.825025 0 0 0 0 0 0 0 0 0 0 0 0 0.825025 0 
C11H10O3             CHEMBL104084                             
0 0.823294 0.831133 0 0 0 0 0.830487 0 0 0 0 0 0 0.823294 0 0 0 0 0.831602 0 0 0 0 0.825 0 0 0 0.831133 0 0 0 0 0 0.820137 0 0 0 0 0 0 0 0 0 0 0 0.834135 0 0 0 0.823294 0 0 0 0 0 0 0 0 0.834135 0 0 0 0 0 0.833237 0 0 0 0 0 0.831602 0 0 0 0 0.809318 0 0 0 0 0 0 0 0 0 0.820137 0 0 0.809318 0 0 0 0 0 0 0 0 0.830487 0 0 0 0 0 0 0 0 0.825 0 0 0 0 0 0 0 0.823294 0 0 0 0 0 0 0 0.829294 0 0.828409 0 0 0 0 0.833237 0 0 0.825 0 0 0 0 0.830487 0 0 0.825 0 0 0 0 0 0 0 0 0 0 0.823294 0 0 0 0 0 0 0 0 0 0.829294 0 0 0 0 0 0 0 0 0 0 0 0 0 0 0.830487 0.823294 0 0 0 0 0 0 0 0 0 0 0 0.828409 0 0 0 0 0 
C12H15NO             CHEMBL104539                             
0 0.834135 0 0 0.823294 0 0 0 0 0 0 0 0 0 0.834135 0 0 0 0 0 0 0 0.833237 0 0 0 0 0 0 0 0 0.823294 0 0 0.823294 0.825 0 0 0 0 0 0 0 0 0.823294 0 0 0 0 0 0 0 0 0.823294 0.825 0 0.823294 0 0 0 0 0.829294 0 0 0 0 0 0 0 0.828409 0 0 0 0 0.829294 0 0 0 0 0 0 0 0 0 0 0 0.823294 0 0 0 0 0 0 0.830487 0 0 0 0 0 0 0.825 0 0 0 0 0 0 0 0.823294 0 0 0 0 0.833237 0 0 0 0 0 0 0 0.825 0.830487 0 0 0 0 0 0 0 0 0 0.830487 0 0.825 0 0 0 0 0 0 0 0 0 0 0 0 0.823294 0.830487 0 0 0 0 0 0 0 0 0.823294 0 0 0 0 0 0 0 0 0 0 0 0 0 0.825 0 0 0 0 0 0 0 0 0 0 0 0 0 0 0.828409 0 0 0 0 0 0 0 0 0 
C10H12ClNO2          CHEMBL104560         Chloropropham       
0 0.827301 0 0 0 0.822925 0 0 0 0 0 0 0 0 0.827301 0 0.825571 0 0 0 0.824949 0 0 0 0 0 0 0 0 0.825571 0 0.827071 0 0 0 0 0 0 0 0 0 0 0 0 0.827071 0 0.830605 0 0 0.824947 0 0 0 0 0 0 0 0 0 0.830605 0 0.824024 0 0 0 0 0 0 0 0 0.822925 0 0 0 0.824024 0 0 0 0 0 0 0 0 0 0 0.824949 0 0 0 0 0 0 0 0 0 0 0 0 0 0 0 0.824947 0 0 0 0 0.824969 0 0 0 0 0 0 0 0 0 0 0 0 0.824969 0 0.825083 0.825001 0 0 0 0 0 0 0 0 0 0 0 0.825083 0 0 0 0 0 0 0 0 0 0 0 0 0 0.825001 0 0 0.825056 0 0 0 0 0 0 0 0 0 0 0 0 0.825056 0 0.825001 0.824995 0 0 0 0 0 0 0 0 0 0 0 0.825001 0 0 0 0 0 0 0 0 0 0 0 0 0 0.824995 0 0 
C10H7FO3             CHEMBL104589                             
0 0.825 0 0.823294 0 0 0.823294 0 0 0 0 0 0 0 0.825 0 0.827483 0 0 0 0 0.827484 0 0 0 0 0 0 0 0.827483 0 0 0 0.834641 0 0 0 0 0 0 0 0.825 0.823294 0 0 0 0.830487 0 0 0 0 0 0 0 0 0 0 0 0 0.830487 0 0.825 0 0 0 0 0.822822 0 0 0 0 0 0.834641 0 0.825 0 0 0 0 0 0 0 0 0 0.823294 0 0 0 0 0 0 0 0 0.827484 0 0 0 0 0 0.827484 0 0 0 0 0 0 0.827484 0 0 0 0 0 0 0 0 0 0 0 0 0.827484 0 0.8167 0 0.831103 0 0 0 0 0 0 0 0 0.827484 0 0.8167 0 0 0 0.823294 0 0 0 0 0 0.822822 0 0 0 0 0 0 0 0 0 0 0 0 0 0 0 0 0 0.831103 0 0 0 0 0 0 0 0 0 0 0 0 0 0 0.823294 0 0 0 0 0 0 0.825 0 0 0 0 0 0 0 0 0 0 0 
C12H16N2             CHEMBL104699                             
0 0.823294 1.65288 0.8292 0 0 0 0 0 0 0 0 0 0 0.823294 0 0 0 0 0.938139 0 0.827027 0 0 0 0 0 0 1.65288 0 0 0 0 0 0.824621 0 0.816626 0 0 0 0 0 0.8292 0 0 0 0 0 0 0 0 0.834641 0 0 0 0 0 0 0 0 0 0 0 0 0 0.826931 0.823293 0 0 0 0 0.938139 0 0 0 0 0.824621 0 0 0 0 0 0 0 0 0 0.824621 0 0 0.824621 0 0 0 0 0 0 0 0 0 0.827027 0 0 0 0 0 0 0.820453 0 0 0 0 0 0 0 0.816626 0 0 0 0 0.820453 0 0 0 0 0 0 0 0 0 0.834641 0.826931 0 0 0 0 0 0 0.8292 0 0 0 0 0 0 0.823293 0 0 0 0 0 0 0 0.8292 0 0 0 0 0 0 0 0 0 0 0.8292 0 0 0 0.826931 0 0 0 0 0 0 0 0 0 0 0.8292 0 0 0.823293 0 0 0 0 0 0 0 0 0 0 0 0.826931 0.823293 0 
C12H16N2             CHEMBL104700                             
0 0.825042 1.65812 0.823294 0 0 0 0 0 0 0 0 0 0 0.825042 0 0 0 0 0.826931 0 0 0 0 0 0 0 0 1.65812 0 0 0 0 0 0.816626 0 0.824621 0 0 0 0 0 0.823294 0 0 0 0 0 0 0.946361 0 0.827027 0 0 0 0 0 0 0 0 0 0 0 0 0 0 0.823294 0.825 0 0 0 0.826931 0 0 0 0 0 0 0 0 0.830487 0 0.825 0 0 0 0.816626 0 0 0 0 0 0 0.822138 0 0 0 0 0 0 0 0.946361 0 0 0 0 0.824621 0 0 0 0 0 0 0 0.824621 0 0 0 0 0.824621 0 0 0 0 0 0 0 0 0 0.827027 0 0 0.822138 0 0 0 0 0 0 0 0 0 0 0 0.823294 0.830487 0 0 0 0 0 0 0 0 0 0 0 0 0.825 0 0 0 0 0 0 0 0 0.823294 0 0 0 0 0 0.825 0 0 0 0 0 0 0 0.830487 0 0 0 0 0 0 0 0 0 0 0 0.823294 0.830487 0 
C9H7F3O2             CHEMBL104707                             
0 0.824219 0.825379 0 0 0 0 0 0.827647 0 0 0 0 0 0.824219 0 0 0 0 0.7526 0.866285 0.863315 0 0 0 0 0 0 0.825379 0 0 0.827647 0.828032 0 0 0 0 0 0 0 0 0 0 0 0.827647 0 0 0 0 0 0 0 0 0 0 0 0 0 0.828032 0 0 0 0 0 0 0.827647 0.83218 0 0 0 0 0.7526 0 0 0 0 0 0 0 0 0 0 0 0 0 0.866285 0 0 0 0 0 0 0 0 0 0 0 0 0 0.863315 0 0 0 0 0 0 0 0 0 0 0 0 0.827647 0 0 0 0 0 0 0 0 0 0 0 0 0 0 0 0 0 0.827647 0 0 0 0 0 0 0.819419 0 0 0 0 0 0 0.83218 0 0 0 0 0 0 0 0.820136 0 0 0 0 0 0 0 0 0 0 0.819419 0 0 0 0.828817 0 0 0 0 0 0 0 0 0 0 0.820136 0 0 0.823843 0 0 0 0 0 0 0 0 0 0 0 0.828817 0.823843 0 
C9H15F3O2            CHEMBL104765                             
0 0.824219 0 0 0.7526 0.866285 0.863315 0 0 0 0 0 0 0 0.824219 0 0.825379 0 0 0 0 0.827647 0 0 0 0 0 0 0 0.825379 0 0.827647 0 0 0 0 0.828032 0 0 0 0 0 0 0 0.827647 0 0 0 0 0 0 0 0 0 0 0 0.7526 0 0 0 0 0 0 0 0 0 0 0 0 0 0.866285 0 0 0 0 0 0 0 0 0 0 0 0 0 0.863315 0 0 0 0 0 0 0 0 0 0 0 0 0 0 0.827647 0 0 0 0 0 0 0 0 0 0 0 0 0 0 0.828032 0 0 0 0 0 0 0.82063 0 0 0 0 0 0 0 0 0 0 0 0 0.82063 0 0 0 0.823506 0 0 0 0 0 0 0 0 0 0 0 0 0.820136 0 0.818605 0 0 0 0 0 0 0 0 0 0 0.820136 0 0.825379 0 0 0 0 0 0 0 0 0 0 0.823506 0 0.825379 0 0 0 0 0 0 0 0 0 0 0 0 0.818605 0 0 0 
C9H5F3O2             CHEMBL104777                             
0 0.827647 0.825379 0.824219 0 0 0 0 0 0 0 0 0 0 0.827647 0 0 0 0 0 0.745603 0.863015 0.860959 0 0 0 0 0 0.825379 0 0 0 0.827647 0.828032 0 0 0 0 0 0 0 0 0.824219 0 0 0 0 0 0 0 0 0 0 0 0 0 0 0 0.827647 0 0 0 0 0 0 0 0 0 0 0 0 0 0.828032 0 0 0 0 0 0 0.825109 0.814877 0 0 0 0 0.745603 0 0 0 0 0 0 0 0 0 0 0 0 0 0.863015 0 0 0 0 0 0 0 0 0 0 0 0 0 0.860959 0 0 0 0 0 0 0 0 0 0 0 0 0 0 0 0 0 0.825109 0 0 0 0 0 0 0.828402 0 0 0 0 0 0 0.814877 0 0 0 0 0 0.828402 0 0 0 0 0 0 0 0 0 0 0 0 0.828402 0 0 0.825379 0 0 0 0 0 0 0 0 0 0.828402 0 0 0 0.827647 0 0 0 0 0 0 0 0 0 0 0 0.825379 0.827647 0 
C10H16N2O2           CHEMBL104888                             
0 0.827484 0 0 0 0 0 0.825 0 0.827484 0 0 0 0 0.827484 0 0 0 0 0 0.825 0 0 0 0 0 0 0 0 0 0 0.823294 0 0.825 0 0 0 0 0 0 0.823294 0 0 0 0.823294 0 0 0 0 0 0 0 0 0.826931 0 0 0 0 0 0 0 0 0 0.823294 0 0 0.825 0 0 0 0 0 0.825 0 0 0 0.819167 0 0.819167 0 0 0 0 0 0 0.825 0 0 0 0.819167 0 0 0 0 0 0 0 0 0.825 0 0 0 0.823294 0 0 0 0 0 0 0 0 0 0 0 0 0 0 0.819167 0 0 0 0.825 0 0 0 0 0.827484 0 0 0 0 0 0 0 0.825 0 0 0 0 0 0 0 0 0 0.825 0 0 0 0 0 0 0 0 0 0 0 0 0.826931 0 0 0 0 0 0 0 0 0 0.823293 0 0 0.823294 0 0 0 0 0 0 0 0 0 0 0 0 0 0 0 0 0 0 0 0 0 0 0.823293 0 0 
C9H20NO2S.Cl         CHEMBL104891                             
0 0 0.825 0 0.823294 0.823294 0 0 0 0 0 0 0 0 0 0 0 0 0 0 0 0.823294 0.830487 0.825 0.829911 0 0 0 0.825 0 0 0 0 0 0 0 0 0 0 0 0 0 0 0 0 0 0 0 0 0 0 0 0 0 0 0 0.823294 0 0 0 0 0 0 0 0 0 0 0.825 0 0 0.823294 0 0 0 0 0 0.826931 0 0 0 0 0 0 0 0 0 0 0 0 0.826931 0 0.823294 0 0 0 0 0 0 0 0.823294 0 0 0 0 0.823294 0 0 0 0 0 0 0 0 0.830487 0 0 0 0 0 0 0 0 0 0 0 0 0 0.825 0 0 0 0 0 0 0 0 0 0 0 0 0 0.829911 0 0 0 0 0 0 0 0 0 0 0 0 0 0 0 0 0.825 0 0 0 0 0 0 0 0.823294 0 0 0 0 0 0 0 0 0 0 0 0 0.823294 0 0.825 0 0 0 0 0 0 0 0 0 0 0 0 0.825 0 
C11H16N2O            CHEMBL10498                              
0 0 0 0 0.827027 0 0.823294 0 0.827742 0 0 0 0 0 0 0 0 0 0 0 0 0 0 0.82387 0.824844 0 0 0 0 0 0 0.827886 0.821374 0.828316 0 0 0 0 0 0 0 0 0 0 0.827886 0 0 0 0 0.821913 0 0 0 0 0 0 0.827027 0 0.821374 0 0 0 0 0 0 0 0 0 0 0 0 0 0.828316 0 0 0 0.823199 0 0 0 0 0 0 0 0.823294 0 0 0 0 0.823199 0 0 0 0 0 0 0 0 0 0 0 0.821913 0 0 0 0 0 0.8167 0 0.821197 0 0 0.827742 0 0 0 0 0 0 0 0 0 0 0 0.827886 0 0 0.82387 0 0 0 0 0 0.8167 0 0 0 0 0 0 0 0.824844 0 0 0 0 0 0 0 0 0 0 0 0.8292 0 0 0 0 0 0 0 0.821197 0 0 0 0 0 0.821197 0 0 0 0 0 0 0 0 0.827886 0 0 0 0 0 0 0 0 0 0 0 0 0 0 0 0.8292 0.821197 0 0 
C8H13N3O3            CHEMBL105072                             
0 0 0.817556 0.826931 0 0 0 0 0 0 0 0 0 0 0 0 0.825 0 0.821783 0 0 0 0 0 0 0 0 0 0.817556 0.825 0 0 0 0 0 0.826931 0 0 0 0 0 0 0.826931 0 0 0 0 0.820811 0.819166 0 0 0 0 0 0 0 0 0.821783 0 0 0 0.825406 0 0 0.825 0 0 0 0 0 0 0 0 0.820811 0.825406 0 0 0 0 0 0 0 0 0 0 0 0 0.819166 0 0 0 0 0 0 0.823294 0 0 0 0 0 0.826931 0 0 0 0 0 0 0 0 0 0 0 0 0 0 0 0.825 0 0 0 0 0 0 0 0 0 0 0 0 0 0 0 0 0 0 0 0 0.823294 0 0 0 0 0 0 0 0 0.823294 0 0 0 0 0 0.830487 0 0 0 0 0 0 0 0 0 0 0.823294 0 0 0 0.826931 0 0 0 0 0 0 0 0 0 0 0.830487 0 0 0.823294 0 0 0 0 0 0 0 0 0 0 0 0.826931 0.823294 0 
C10H9FN2O            CHEMBL105176                             
0 0.819662 0.817102 0 0 0 0 0.825042 0 0 0 0 0 0 0.819662 0 0 0 0.820842 0 0.82251 0 0 0 0 0 0 0 0.817102 0 0 0 0 0.82501 0 0 0 0 0 0 0 0 0 0 0 0 0.823294 0.820348 0 0 0 0 0 0 0 0 0 0.820842 0 0.823294 0 0 0 0 0.823294 0 0 0 0 0 0 0 0.82501 0.820348 0 0 0 0 0 0 0 0.828409 0 0 0 0.82251 0 0 0 0 0 0 0 0.830487 0 0 0 0 0.825042 0 0 0 0 0 0 0 0 0 0 0 0 0 0 0 0 0 0.823294 0 0 0 0 0 0.830487 0 0 0 0 0 0 0 0 0 0.830487 0 0 0 0.8333 0 0 0.823294 0 0 0 0 0 0 0 0 0.830487 0.8333 0 0 0 0 0 0 0 0 0 0.828409 0 0 0 0 0 0 0.827484 0 0 0 0 0 0 0 0 0 0 0 0 0.827484 0 0 0 0 0 0 0 0 0 0 0 0.823294 0 0 0 0 
C13H27N              CHEMBL105218         1-Octyl-Piperidine  
0 0.825 0.818252 0.825406 0 0 0 0 0 0 0 0 0 0 0.825 0 0 0 0.823294 0 0 0 0 0 0 0 0 0 0.818252 0 0 0 0 0 0 0 0 0 0 0.825 0 0 0.825406 0 0 0 0 0 0 0 0 0 0.825 0 0 0 0 0.823294 0 0 0 0 0 0 0.819167 0 0 0 0 0 0 0 0 0 0 0 0.821197 0 0 0 0 0 0.823294 0 0 0 0 0 0 0.821197 0 0.823294 0 0 0 0 0 0 0 0 0 0 0 0 0.823294 0 0 0.823294 0 0 0 0 0 0 0 0 0.819167 0 0 0 0 0.823294 0 0 0 0 0 0 0 0 0 0 0 0.823294 0.823294 0 0 0 0 0 0 0 0 0.825 0 0 0 0 0 0 0 0 0 0.817102 0 0 0.825 0 0 0 0 0 0 0 0 0 0 0.809875 0 0 0 0 0 0.823294 0 0 0 0 0 0 0 0 0 0 0 0 0 0 0 0 0 0 0.817102 0.809875 0 0 
C11H17NOS            CHEMBL105258                             
0 0.597477 0 0 0.603246 0 0.599088 0 0 0 0 0 0 0 0.597477 0 0 0 0 0.6 0 0.593849 0 0 0 0 0 0 0 0 0 0 0 0.593849 0 0 0 0 0.604669 0.6 0 0 0 0 0 0 0.596543 0 0 0 0.593849 0 0 0 0 0 0.603246 0 0 0.596543 0 0 0 0 0 0 0 0 0 0 0 0.6 0.593849 0 0 0 0 0 0 0 0 0 0 0 0.599088 0 0 0 0 0 0 0 0.599298 0 0 0 0 0 0 0.593849 0 0 0 0 0 0 0 0.604669 0 0 0 0 0 0 0 0.593849 0 0 0.599298 0 0 0 0 0 0 0 0 0 0 0 0 0 0 0.604669 0 0 0.6 0 0 0 0 0 0.604669 0 0 0 0 0 0 0.6 0 0 0 0 0 0 0.6 0 0 0 0 0 0 0 0 0 0.597477 0 0 0 0 0 0 0 0 0 0 0 0 0.597477 0 0.6 0 0 0 0 0 0 0 0 0 0 0 0 0.6 0 
C6H16N6S2            CHEMBL105278         Guanidinoethyl      
0 0.824913 0 0 0.82508 0 0 0 0 0 0 0 0 0 0.824913 0 0.824993 0.82496 0 0 0 0 0 0 0 0 0 0 0 0.824993 0 0 0 0 0 0 0 0 0 0 0 0 0 0.82496 0 0 0 0 0 0 0 0 0 0 0 0 0.82508 0 0 0 0 0.825012 0 0 0 0 0 0 0 0 0 0 0 0 0.825012 0 0.824943 0 0 0 0 0 0 0 0 0 0 0 0 0.824943 0 0.825013 0 0 0 0 0 0 0 0 0 0 0 0 0.825013 0 0.82503 0 0 0 0 0 0 0 0 0 0 0 0 0.82503 0 0.825012 0 0 0 0 0 0 0 0 0 0 0 0 0.825012 0 0.82498 0 0 0 0 0 0 0 0 0 0 0 0 0.82498 0 0.825013 0 0 0 0 0 0 0 0 0 0 0 0 0.825013 0 0.824993 0.825046 0 0 0 0 0 0 0 0 0 0 0 0.824993 0 0 0 0 0 0 0 0 0 0 0 0 0 0.825046 0 0 
C8H13ClN4O           CHEMBL105339                             
0 0 0.817556 0.826931 0 0 0 0 0 0 0 0 0 0 0 0 0.825 0 0.821783 0 0 0 0 0 0 0 0 0 0.817556 0.825 0 0 0 0 0.826931 0 0 0 0 0 0 0 0.826931 0 0 0 0 0.820811 0 0.819166 0 0 0 0 0 0 0 0.821783 0 0 0 0.825406 0 0 0.825 0 0 0 0 0 0 0 0 0.820811 0.825406 0 0 0 0 0 0 0 0 0 0 0 0.826931 0 0 0 0 0 0 0 0 0 0 0 0 0 0 0.819166 0 0 0 0 0 0 0.823294 0 0 0 0 0 0 0 0.825 0 0 0 0 0 0 0 0 0 0 0 0 0 0 0 0 0 0 0 0 0.823294 0 0 0 0 0 0 0 0 0 0.823294 0 0 0 0 0.830487 0 0 0 0 0 0 0 0 0 0 0.823294 0 0 0 0.826931 0 0 0 0 0 0 0 0 0 0 0.830487 0 0 0.823294 0 0 0 0 0 0 0 0 0 0 0 0.826931 0.823294 0 
C9H6BrF3O            CHEMBL105348                             
0 0.825 0 0 0 0 0 0.823294 0.823294 0.827742 0 0 0 0 0.825 0 0 0 0 0.823294 0.823294 0 0 0 0 0 0 0 0 0 0 0.825011 0.823294 0 0 0 0 0 0 0 0 0.826931 0 0 0.825011 0 0 0 0 0 0 0 0.823294 0.823294 0 0 0 0 0.823294 0 0 0 0 0 0 0 0 0 0 0 0 0.823294 0 0 0 0 0 0 0 0 0 0.825 0 0 0 0.823294 0 0 0 0 0 0 0 0 0.825 0 0 0 0.823294 0 0 0 0 0 0 0 0 0 0 0 0 0 0.823294 0 0 0 0 0 0 0 0 0 0 0 0 0 0.827742 0 0 0 0 0 0 0 0 0 0 0 0 0 0 0 0 0.823294 0 0 0.825 0 0 0 0 0 0 0 0 0 0 0.823294 0 0.825 0 0 0 0 0 0 0 0 0 0 0 0 0 0 0 0 0 0 0 0 0 0.825011 0 0 0.826931 0 0 0 0 0 0 0 0 0 0.825011 0 
C12H16N2             CHEMBL105374                             
