C12H19NO2            CHEMBL100006                             
0 0.828409 0 0.821197 0 0.825 0 0 0 0 0 0 0 0 0 0.828409 0 0.8292 0 0 0 0 0.823293 0 0 0 0 0 0 0 0 0.8292 0 0 0.830487 0 0 0 0 0 0 0.823293 0 0 0 0.821197 0 0 0 0 0 0.825 0 0 0 0 0 0 0 0 0 0 0.830487 0 0 0 0.825406 0 0 0 0 0 0 0 0 0.825 0 0 0 0 0 0 0 0 0 0.826931 0 0 0 0 0 0 0 0.825 0.825406 0 0 0 0 0.823294 0 0 0 0 0 0 0.823293 0 0 0 0 0 0 0 0 0 0 0.825042 0 0 0 0 0 0 0 0 0 0 0 0 0.825 0 0 0 0 0 0 0 0 0 0 0.823294 0 0 0 0 0 0 0.825011 0 0 0 0 0 0 0.826931 0 0 0.825 0 0 0 0 0 0.827484 0 0 0.823293 0 0 0 0 0 0 0 0 0 0 0 0 0 0 0 0 0 0 0 0.825042 0 0 0 0 0 0 0 0 0 0 0 0 0 0 0 0 0.825011 0 0 0 0 0 0 0 0 0 0 0 0 0 0 0 0.827484 0 0 0 0 
C9H17N5S             CHEMBL100080                             
0 0.82623 0 0.823449 0.825 0 0 0 0 0 0 0 0 0 0 0.82623 0 0.822534 0 0 0 0 0.828779 0 0 0 0 0 0 0 0 0.822534 0 0 0 0.832635 0 0 0 0 0 0 0 0 0 0.823449 0 0 0 0 0 0.830015 0 0.821374 0 0 0 0 0 0 0.825 0 0 0 0 0.830098 0 0 0 0 0 0 0 0 0 0 0 0.832635 0 0.830098 0 0 0 0 0 0 0 0 0 0 0 0 0 0.830015 0 0 0 0 0 0 0 0 0 0 0 0 0.828779 0 0 0 0 0 0 0 0 0 0 0 0 0 0 0 0 0.821374 0 0 0 0 0 0.829234 0 0 0 0 0 0 0 0 0 0 0 0 0 0.829234 0 0.825451 0 0 0 0 0 0 0 0 0 0 0 0 0 0.825451 0 0 0 0.821049 0 0 0 0 0 0 0 0 0 0 0 0 0 0.829234 0 0.817198 0 0 0 0 0 0 0 0 0 0 0 0.829234 0 0.829628 0 0 0 0 0 0 0 0 0 0 0 0.821049 0 0.829628 0 0 0 0 0 0 0 0 0 0 0 0 0 0.817198 0 0 0 
C11H13NO2            CHEMBL100122                             
0 0 0.833468 0.83391 0 0 0 0 0 0 0 0 0 0 0 0 0 0.82251 0 0.824047 0.833394 0 0 0 0 0 0 0 0 0 0.833468 0.82251 0 0.831705 0 0 0 0 0 0 0 0 0 0 1.00002 0.83391 0 0.831705 0 0 0 0 0 0 0 0 0 0 0 0 0 0.824047 0 0 0 0 0.829628 0.825379 0 0 0 0 0 0 0 0 0.833394 0 0 0 0 0 0 0.821104 0 0 0 0 0 0 0 0 0 0 0.829628 0 0 0 0 0 0 0 0 0 0 0 0 0 0 0.825379 0 0 0 0 0 0 0 0 0 0 0 0 0 0 0 0.821104 0 0 0 0.833467 0.835302 0 0 0 0 0 0 0 0 0 0 0 0 0.833467 0 0 0 0.829627 0 0 0 0 0 0 0 0 0 0 0.835302 0 0 0.826829 0 0 0 0 0 0 0 0 0 0 0 0 0 0.826829 0 0 0.837667 0 0 0 0 0 0 0 0 0 0 0.829627 0 0 0 0.822059 0 0 0 0 0 0 0 0 0 0 0 0 0.837667 0.822059 0 0 0 0 1.00002 0 0 0 0 0 0 0 0 0 0 0 0 
C14H17N              CHEMBL100177                             
0 0.827401 0 0 0 0.822925 0 0 0 0 0 0 0 0 0 0.827401 0 0.825522 0 0 0 0 0 0 0 0 0 0 0 0 0 0.825522 0 0.827071 0 0 0.822801 0 0 0 0 0 0 0 0 0 0 0.827071 0 0.830506 0 0 0 0 0 0 0 0 0 0 0 0 0 0.830506 0 0.824074 0 0 0 0 0 0 0 0 0 0.822925 0 0 0 0.824074 0 0 0 0 0 0 0 0 0 0 0 0 0.822801 0 0 0 0 0.826236 0 0 0 0.821648 0 0 0 0 0 0 0 0 0 0.826236 0 0.8242 0 0 0 0 0 0 0 0 0 0 0 0 0 0.8242 0 0.825872 0 0 0 0 0 0 0 0 0 0 0 0 0 0.825872 0 0.829258 0 0.824999 0 0 0 0 0 0 0 0 0 0 0 0.829258 0 0.822805 0 0 0 0 0 0 0 0 0 0.821648 0 0 0 0.822805 0 0 0 0 0 0 0 0 0 0 0 0 0 0.824999 0 0 0 0.824993 0 0 0 0 0 0 0 0 0 0 0 0 0 0.824993 0 0.824999 0 0 0 0 0 0 0 0 0 0 0 0 0 0.824999 0 
C11H12N2S2           CHEMBL100203                             
0 0.825 0.823294 0.82623 0 0 0 0 0 0 0 0 0 0 0 0.825 0 0 0 0 0 0.828779 0.823294 0 0 0 0 0 0 0 0.823294 0 0 0 0 0.823294 0 0 0 0.822138 0 0 0 0 0 0.82623 0 0 0 0.817642 0 0 0 0 0 0 0 0.82623 0 0 0 0 0 0.817642 0 0 0.824382 0 0 0 0 0 0 0 0 0 0 0.823294 0 0 0 0 0 0 0 0.823199 0.825 0 0 0 0 0.828779 0 0 0.824382 0 0 0 0 0 0 0 0 0.819616 0 0 0.823294 0 0 0 0 0 0 0 0 0 0.823294 0 0 0 0 0 0 0 0 0 0 0 0 0.820937 0.822439 0 0 0 0 0 0 0.822138 0 0 0 0 0 0.820937 0 0 0 0 0 0.823199 0 0 0 0 0 0.823199 0 0 0.822439 0 0 0 0 0 0 0 0 0 0 0 0.825 0 0.823294 0 0 0 0 0 0 0 0 0 0 0.82623 0 0 0 0 0 0 0 0 0 0 0 0 0 0 0 0 0 0.819616 0 0 0 0 0 0 0 0 0 0 0 0 0 0 0 0 0 0.823199 0 0 0 0 0 
C8H9N5OS             CHEMBL100343                             
0 0 0.608428 0 0.604824 0.595328 0 0 0 0 0 0 0 0 0 0 0 0 0.607929 0.60414 0 0 0 0 0 0 0 0 0 0 0.608428 0 0 0.601041 0 0 0 0 0 0 0 0 0 0 0 0 0.607929 0.601041 0 0 0 0.596998 0 0 0 0 0 0 0 0 0.604824 0.60414 0 0 0 0 0 0 0 0.593105 0 0 0 0 0 0.595328 0 0 0 0 0 0 0.605902 0 0 0 0 0.60208 0 0 0 0 0 0.596998 0 0 0 0 0.603547 0 0.601041 0 0 0 0 0 0 0 0 0 0.605902 0 0 0 0 0 0 0 0 0 0 0 0 0 0 0 0.603547 0 0 0 0 0.602592 0 0 0 0 0 0 0 0.593105 0 0 0 0 0 0 0 0 0 0 0 0 0 0 0 0 0.601041 0 0 0 0 0 0 0.587868 0 0 0 0 0 0 0 0 0 0.602592 0 0 0 0 0.610183 0 0 0 0 0 0 0.60208 0 0 0 0 0 0 0 0 0.603247 0 0 0 0 0 0 0 0 0 0 0.587868 0.610183 0 0 0 0 0 0 0 0 0 0 0 0 0 0 0 0.603247 0 0 
C9H13N3O2S           CHEMBL100364                             
0 0.60883 0.604669 0 0 0.755153 0.799384 0 0 0 0 0 0 0 0 0.60883 0 0 0.6042 0 0 0 0 0.604669 0 0 0 0 0 0 0.604669 0 0 0 0 0 0 0.6083 0 0 0.597477 0 0 0 0 0 0.6042 0 0 0.604669 0 0 0 0 0 0 0 0 0 0 0 0 0 0.604669 0 0 0 0.606764 0 0 0 0 0 0 0 0.755153 0 0 0 0 0 0 0 0 0 0 0 0 0 0 0.799384 0 0 0 0 0 0 0 0 0 0 0 0 0 0 0 0 0.6083 0 0.606764 0 0 0 0 0 0 0.597477 0 0 0 0 0.604669 0 0 0 0 0 0 0 0 0 0 0 0.6 0.601026 0 0 0 0 0 0 0 0 0 0 0.601026 0 0.6 0 0 0 0 0.597477 0 0 0 0 0 0 0.601026 0 0 0 0 0 0 0 0 0 0 0 0 0.597477 0 0 0 0 0.605212 0 0 0 0 0 0 0 0 0 0 0 0.6 0 0.605212 0 0 0 0 0 0 0 0 0 0 0 0.6 0 0 0 0 0 0 0 0 0 0 0 0 0 0 0.601026 0 0 0 0 0 0 
C9H13N5O             CHEMBL100386                             
0 0 0.604669 0 0 0.601026 0 0 0 0 0 0 0 0 0 0 0 0.600057 0 0.597477 0 0 0 0.606114 0 0 0 0 0 0 0.604669 0.600057 0 0 0 0 0.60351 0 0 0 0 0 0 0 0 0 0 0 0 0.601027 0.6 0 0 0 0 0 0.597477 0 0 0 0 0.597477 0 0.601027 0 0 0 0 0 0 0.600057 0 0 0 0 0.601026 0 0 0.6 0 0 0 0 0 0.597477 0 0 0 0 0 0 0 0.60351 0 0 0 0 0.606892 0 0 0 0 0.596913 0 0 0 0 0 0 0 0 0.606892 0 0.598341 0 0 0 0 0 0 0 0.606114 0 0 0 0 0 0.598341 0 0 0 0 0 0 0 0 0 0 0 0 0.597477 0 0 0 0 0 0 0 0 0 0 0 0 0 0.600057 0 0 0 0 0 0 0 0 0 0 0 0 0 0.597477 0 0 0 0 0 0 0 0 0 0 0 0 0 0 0 0 0 0.596913 0 0 0 0 0 0 0.60208 0 0 0 0 0 0 0 0 0 0 0 0 0 0.60208 0 0.592927 0 0 0 0 0 0 0 0 0 0 0 0 0 0.592927 0 
C11H14N2S2           CHEMBL100424         Picartamide         
0 0.598642 0.597521 0.589699 0 0 0 0.596998 0 0 0 0 0 0 0 0.598642 0 0 0 0.603764 0 0.59673 0 0 0 0 0 0 0 0 0.597521 0 0 0 0 0 0 0 0.602143 0 0 0 0 0 0 0.589699 0 0 0 0 0.599992 0 0 0 0 0.60414 0 0 0 0 0 0.603764 0 0 0 0 0 0 0 0 0 0 0 0 0 0 0 0 0.599992 0 0 0 0 0 0.599088 0 0 0 0 0 0 0.59673 0 0 0 0 0 0 0 0 0 0.605592 0 0 0 0.596998 0 0 0 0 0 0 0 0 0 0 0 0.595931 0 0 0 0 0.602143 0 0 0 0 0 0 0 0 0 0.597024 0 0 0 0 0 0 0 0.599088 0 0 0 0 0 0 0 0.598341 0 0 0 0 0.60414 0 0 0 0 0 0 0 0 0 0 0.599088 0 0 0 0 0 0 0.605592 0 0 0 0 0 0 0 0 0 0 0 0 0 0 0 0.595931 0.597024 0 0 0 0 0 0 0 0 0 0 0 0 0 0 0 0.598341 0 0 0 0 0.603696 0 0 0 0 0 0 0 0 0 0 0.599088 0 0 0.603696 0 
C9H13N3O2S           CHEMBL100552                             
0 0.60883 0.604669 0 0 0 0.755153 0.799384 0 0 0 0 0 0 0 0.60883 0 0 0 0 0.6042 0 0 0 0 0 0 0 0 0 0.604669 0 0 0.6083 0 0 0 0 0 0.597477 0 0 0 0 0 0 0 0.6083 0 0.606764 0 0 0 0 0 0.597477 0 0 0 0 0 0 0 0.606764 0 0.604669 0 0 0 0 0 0.600015 0 0 0 0 0.6042 0 0 0.604669 0 0 0 0 0 0 0 0 0 0 0.755153 0 0 0 0 0 0 0 0 0 0 0 0 0 0 0.799384 0 0 0 0 0 0 0 0 0 0 0 0 0 0 0 0 0 0 0 0 0 0 0 0.601026 0 0 0.6 0 0 0 0 0.597477 0 0 0 0 0 0.601026 0 0 0 0 0 0 0 0 0 0.597477 0 0 0 0 0 0 0 0 0.605212 0 0 0 0 0 0 0.600015 0 0 0 0 0 0 0 0 0.601687 0 0 0 0 0 0 0 0 0 0.6 0 0.605212 0 0 0 0 0 0 0 0 0 0 0 0 0 0 0 0.601687 0 0 0.600015 0 0 0 0 0 0 0 0 0 0 0 0 0 0.600015 0 
C14H19N              CHEMBL100611                             
0 0.827401 0 0 0 0.822925 0 0 0 0 0 0 0 0 0 0.827401 0 0.825522 0 0 0 0 0 0 0 0 0 0 0 0 0 0.825522 0 0.827071 0 0 0.822801 0 0 0 0 0 0 0 0 0 0 0.827071 0 0.830505 0 0 0 0 0 0 0 0 0 0 0 0 0 0.830505 0 0.824074 0 0 0 0 0 0 0 0 0 0.822925 0 0 0 0.824074 0 0 0 0 0 0 0 0 0 0 0 0 0.822801 0 0 0 0 0.826149 0 0 0 0.821734 0 0 0 0 0 0 0 0 0 0.826149 0 0.8242 0 0 0 0 0 0 0 0 0 0 0 0 0 0.8242 0 0.825872 0 0 0 0 0 0 0 0 0 0 0 0 0 0.825872 0 0.829257 0 0.825001 0 0 0 0 0 0 0 0 0 0 0 0.829257 0 0.822805 0 0 0 0 0 0 0 0 0 0.821734 0 0 0 0.822805 0 0 0 0 0 0 0 0 0 0 0 0 0 0.825001 0 0 0 0.824992 0.824972 0 0 0 0 0 0 0 0 0 0 0 0 0.824992 0 0 0 0 0 0 0 0 0 0 0 0 0 0 0.824972 0 0 
C12H15NO2            CHEMBL100626                             
0 0 0.824096 0 0 0 0 0 0.825457 0 0 0 0 0 0 0 0 0 0.820647 0 0 0 0.822635 0 0 0 0 0.823603 0 0 0.824096 0 0 0.827401 0 0 0.827507 0 0 0 0 0 0 0 0 0 0.820647 0.827401 0 0.82752 0 0 0 0 0 0 0 0 0 0 0 0 0 0.82752 0 0.827558 0 0 0 0 0 0 0 0 0 0 0 0 0 0.827558 0 0.827433 0 0 0 0 0 0 0 0 0 0 0.827507 0 0 0.827433 0 0 0 0 0 0 0 0 0 0 0.822635 0 0 0 0 0 0 0.8249 0 0 0.82506 0 0 0 0.825457 0 0 0 0 0 0 0.8249 0 0.825127 0 0 0 0 0 0 0 0 0 0 0 0 0 0.825127 0 0.825117 0 0 0 0 0 0 0 0 0 0 0 0 0 0.825117 0 0.825109 0 0 0 0 0 0 0 0 0 0 0.82506 0 0 0.825109 0 0 0 0 0 0.823603 0 0 0 0 0 0 0 0 0 0 0 0.823572 0 0 0 0 0 0 0 0 0 0 0 0 0 0.823572 0 0.823603 0 0 0 0 0 0 0 0 0 0 0 0 0 0.823603 0 
C4H9N3O6P2           CHEMBL100717                             
0 0.824843 0.827065 0.831554 0 0 0 0 0 0 0 0 0 0 0 0.824843 0 0 0 0 0 0 0 0.828656 0 0 0 0.831038 0 0.827123 0.827065 0 0 0 0 0 0 0.824447 0 0 0 0.827742 0 0.830349 0 0.831554 0 0 0 0.831039 0 0 0 0 0 0 0 0 0 0 0 0 0 0.831039 0 0.829903 0.827741 0 0 0 0 0 0 0 0 0 0 0 0 0.829903 0 0 0 0 0.825852 0 0 0 0 0 0 0 0 0 0.827741 0 0 0 0 0 0.826053 0 0 0 0 0 0 0.824447 0 0 0 0 0 0 0 0 0 0 0 0 0 0.828656 0 0 0 0 0 0 0 0 0 0 0 0 0 0 0 0 0 0 0.825852 0 0 0 0 0.819394 0 0 0 0 0 0 0 0 0 0 0.826053 0 0 0.819394 0 0 0 0 0 0 0 0.827742 0 0 0 0 0 0 0 0 0 0 0 0 0 0.831038 0 0 0 0 0 0 0 0 0 0 0 0 0 0 0 0.830349 0 0 0 0 0 0 0 0 0 0 0 0 0 0.827123 0 0 0 0 0 0 0 0 0 0 0 0 0 
C9H13N3O2S           CHEMBL100737                             
0 0.60883 0.604669 0 0 0 0.755153 0.799384 0 0 0 0 0 0 0 0.60883 0 0 0 0 0.6042 0 0 0 0 0 0 0 0 0 0.604669 0 0 0 0.6083 0 0 0 0 0.597477 0 0 0 0 0 0 0 0 0 0.606764 0.604669 0 0 0 0 0 0 0 0 0 0 0 0.6083 0.606764 0 0 0 0 0 0 0.597477 0 0 0 0 0 0.6042 0 0.604669 0 0 0 0 0 0 0 0 0.601026 0 0 0.755153 0 0 0 0 0 0 0 0 0 0 0 0 0 0 0.799384 0 0 0 0 0 0 0 0 0 0 0 0 0 0 0 0 0 0 0 0 0 0 0 0.601026 0 0.6 0 0 0 0 0 0.597477 0 0 0 0 0 0.601026 0 0 0 0 0 0 0 0 0 0 0.597477 0 0 0 0 0 0 0.605212 0 0 0 0 0 0 0 0 0 0 0 0.6 0 0.605212 0 0 0 0 0 0 0 0 0 0.601026 0 0 0 0 0 0 0 0.593353 0 0 0 0 0 0 0 0 0 0 0 0 0 0.593353 0 0.601026 0 0 0 0 0 0 0 0 0 0 0 0 0 0.601026 0 
C4H8N2O6P2S          CHEMBL100831                             
0 0.822525 0 0 0 0 0 0 0 0 0.828781 0 0 0 0 0.822525 0 0.825488 0.824683 0 0 0 0 0 0 0 0 0 0 0 0 0.825488 0 0 0 0.825243 0.829183 0.827142 0 0 0 0 0 0 0 0 0.824683 0 0 0.827947 0 0 0 0.826595 0.826521 0 0 0 0 0 0 0 0 0.827947 0 0 0 0 0 0 0 0 0 0 0 0 0 0.825243 0 0 0 0 0 0 0 0 0 0 0 0 0 0 0.829183 0 0 0 0 0 0 0 0 0 0 0 0 0 0 0.827142 0 0 0 0 0 0 0 0 0 0 0 0 0 0 0 0.826595 0 0 0 0 0 0 0 0 0 0 0 0 0 0 0.826521 0 0 0 0 0 0 0 0 0 0 0 0.828781 0 0 0 0 0 0 0 0 0 0 0 0.8222 0 0.823787 0 0 0 0 0 0 0 0 0 0 0 0 0.820229 0.819781 0 0 0 0 0 0 0 0 0 0 0 0.8222 0.820229 0 0 0 0 0 0 0 0 0 0 0 0 0 0 0.819781 0 0 0.825898 0 0 0 0 0 0 0 0 0 0 0.823787 0 0 0.825898 0 
C11H13N3O            CHEMBL100961                             
0 0.825042 0 0.827483 0 0 0 0.730261 0 0 0 0 0 0 0 0.825042 0 1.42925 0 0 0 0 0 0.827886 0 0 0 0 0 0 0 1.42925 0 0 0.825 0 0 0 0 0 0 0 0 0 0 0.827483 0 0 0 0.832066 0.825 0 0 0 0 0 0 0 0 0 0 0 0.825 0.832066 0 0 0 0 0 0 0 0.817556 0 0 0 0 0 0 0.825 0 0 0 0 0 0.817962 0 0 0.823294 0 0 0 0 0 0 0 0 0 0 0 0.821679 0.829231 0 0 0 0 0.730261 0 0 0 0 0 0 0 0 0 0.821774 0 0 0 0 0 0.827886 0 0 0 0 0 0 0 0 0 0 0 0 0 0 0 0 0 0 0.817962 0.821679 0 0 0 0 0 0 0 0 0 0 0 0 0 0 0.829231 0.821774 0 0 0 0 0 0 0.819723 0 0 0 0 0.817556 0 0 0 0 0 0 0 0 0.825 0 0 0 0 0 0 0.823294 0 0 0 0 0 0 0 0.830487 0 0 0 0 0 0 0 0 0 0 0 0 0.825 0.830487 0 0 0 0 0 0 0 0 0 0 0 0 0.819723 0 0 0 0 
C10H7ClN2O2          CHEMBL100974                             
0 0.600765 0.607121 0 0 0.595901 0 0 0 0 0 0 0 0 0 0.600765 0 0 0.596927 0 0 0.603696 0 0 0 0 0 0 0 0 0.607121 0 0 0 0 0 0 0.602277 0.595902 0 0 0 0 0 0 0 0.596927 0 0 0 0 0 0 0 0.6083 0 0.60467 0 0 0 0 0 0 0 0 0.602597 0.60065 0 0 0 0 0 0 0 0 0.595901 0 0 0 0.602597 0 0 0 0 0 0 0 0 0 0 0 0.603696 0 0 0.60065 0 0 0 0 0 0 0 0 0 0 0 0 0.602277 0 0 0 0 0 0 0 0 0 0 0 0 0 0 0.595902 0 0 0 0 0 0 0 0 0 0 0 0 0 0 0 0.6083 0 0 0 0 0 0 0.598308 0 0.60467 0 0 0 0 0 0 0 0 0 0 0 0.598308 0 0 0 0 0 0 0 0 0.60467 0 0 0 0 0 0 0 0 0 0.593849 0 0 0 0 0 0 0 0 0 0 0.60467 0 0 0 0 0.598085 0 0 0 0 0 0 0 0 0 0 0 0.593849 0 0 0.6 0 0 0 0 0 0 0 0 0 0 0 0 0.598085 0.6 0 
C10H11NO4            CHEMBL101287         Benzyloxycarbonylamino-Acetic
0 0 0.834135 0.8125 0 0.823294 0 0 0 0 0 0 0 0 0 0 0 0 0 0.845022 0 0.825 0.823294 0 0 0 0 0 0 0 0.834135 0 0 0 0 0 0 0.8125 0 0 0 0 0 0 0 0.8125 0 0 0 0 0 0 0 0 0 0 0 0 0 0 0 0.845022 0 0 0 0 0 0 0 0 0 0 0 0 0 0.823294 0 0 0 0 0 0 0 0.832066 0 0 0 0 0 0 0 0.825 0 0 0 0 0 0 0 0 0 0 0 0 0 0 0.823294 0.8125 0 0 0 0 0 0 0 0 0 0 0 0 0 0 0 0 0 0.832066 0 0 0 0.799603 0 0 0 0 0 0 0 0 0 0 0 0 0 0.799603 0 0.832066 0.825 0 0 0 0 0 0 0 0 0 0 0 0 0.832066 0 0 0 0.832066 0 0 0 0 0 0 0 0 0 0 0.825 0 0 0.840387 0 0 0 0 0 0 0 0 0 0 0 0 0 0.840387 0 0 0.840387 0 0 0 0 0 0 0 0 0 0 0.832066 0 0 0 0.825 0 0 0 0 0 0 0 0 0 0 0 0 0.840387 0.825 0 
C10H7ClN2O2          CHEMBL101298                             
0 0.607121 0.600765 0 0.595901 0 0 0 0 0 0 0 0 0 0 0.607121 0 0 0 0 0 0 0.602277 0.595902 0 0 0 0 0 0 0.600765 0 0 0 0 0.603696 0.596927 0 0 0 0 0 0 0 0 0 0 0 0 0.602597 0.60065 0 0 0 0 0 0 0 0 0 0.595901 0 0 0.602597 0 0 0 0 0 0 0 0 0 0 0 0 0 0.603696 0.60065 0 0 0 0 0 0 0 0 0 0 0 0 0 0.596927 0 0 0 0 0 0 0.60467 0.6083 0 0 0 0 0 0.602277 0 0 0 0 0 0 0 0 0 0 0 0 0 0 0.595902 0 0 0 0 0 0 0 0 0 0 0 0 0 0 0 0 0 0 0 0.60467 0 0 0 0 0 0.593849 0 0 0 0 0 0 0 0 0.6083 0 0 0 0 0 0 0.60467 0 0 0 0 0 0 0 0 0 0 0 0 0 0.6 0.598085 0.60883 0 0 0 0 0 0 0 0 0 0.593849 0 0.6 0 0 0 0 0 0 0 0 0 0 0 0 0 0.60467 0.598085 0 0 0 0 0 0 0 0 0 0 0 0 0 0 0.60883 0 0 0 
C11H9ClN2O           CHEMBL101307                             
0 0.602427 0.60065 0 0.598947 0 0 0 0 0 0 0 0 0 0 0.602427 0 0 0 0 0.595921 0.595379 0 0 0 0 0 0 0 0 0.60065 0 0 0 0 0 0 0.60208 0 0 0.600807 0 0 0 0 0 0 0 0 0.593353 0.60065 0 0 0 0 0 0 0 0 0 0.598947 0 0 0.593353 0 0 0 0 0 0 0 0 0 0 0 0 0.595921 0 0.60065 0 0 0 0 0 0 0 0 0 0 0 0 0.595379 0 0 0 0 0 0 0.6042 0.601026 0 0 0 0 0 0 0 0.60208 0 0 0 0 0 0 0 0 0 0 0 0 0 0 0 0 0 0 0.6042 0 0 0 0 0 0 0.601027 0 0 0 0 0 0 0 0.601026 0 0 0 0 0 0.597477 0 0 0 0 0.600807 0 0 0 0 0 0 0 0 0 0 0 0 0 0 0 0 0 0 0 0 0 0 0 0 0.6042 0.597477 0.601026 0 0 0 0 0 0 0 0 0 0.597477 0 0.6042 0 0 0 0 0 0 0 0 0 0 0 0.601027 0 0 0.597477 0 0 0 0 0 0 0 0 0 0 0 0 0 0 0.601026 0 0 0 
C10H9ClO4            CHEMBL101877                             
0 0.822822 0 0.825406 0 0 0 0.825042 0 0 0 0 0 0 0 0.822822 0 0 0 0.823294 0 0 0 0 0 0 0 0 0 0 0 0 0 0 0.823294 0 0.825 0 0 0.825406 0 0 0 0 0 0.825406 0 0 0 0 0.825 0 0 0 0 0 0 0.830487 0 0 0 0.823294 0.823294 0 0 0 0 0 0 0 0.825011 0 0 0 0 0 0 0 0.825 0 0 0 0 0.830487 0 0 0 0 0 0 0 0 0.825 0 0 0 0 0 0 0 0 0 0 0 0 0.825042 0 0 0 0 0 0 0 0 0 0 0 0 0 0 0 0 0 0 0 0.830487 0 0 0 0 0 0.825 0 0 0.823294 0 0 0.825406 0 0 0 0 0 0 0 0 0 0 0 0 0 0 0 0 0.825011 0 0 0 0 0 0 0 0 0 0 0 0 0 0 0 0 0 0 0.825 0 0 0 0 0 0 0 0 0 0.830487 0 0 0 0 0 0 0 0 0 0.823294 0 0 0 0 0 0 0 0 0 0 0 0 0 0.823294 0 0.825 0 0 0 0 0 0 0 0 0.823294 0 0 0 0 0.825 0 
C4H7NO6P2S2          CHEMBL101987                             
0 0.8333 0.823294 0.823294 0 0 0 0 0 0 0 0 0 0 0 0.8333 0 0 0 0 0 0 0.825 0 0 0 0.825 0 0.825 0 0.823294 0 0 0 0 0 0 0 0.834135 0 0 0 0.829034 0 0.830487 0.823294 0 0 0 0.825 0 0 0 0 0 0 0 0 0 0 0 0 0 0.825 0 0.822534 0.821049 0 0 0 0 0 0 0 0 0 0 0 0 0.822534 0 0 0 0 0.830098 0 0 0 0 0 0 0 0 0 0.821049 0 0 0 0 0 0.827511 0 0 0 0 0 0.825 0 0 0 0 0 0 0 0 0 0 0 0 0 0 0 0.834135 0 0 0 0 0 0 0 0 0 0 0 0 0 0 0 0 0 0.830098 0 0 0 0 0.812542 0 0 0 0 0 0 0 0 0 0 0.827511 0 0 0.812542 0 0 0 0 0 0 0.825 0 0 0 0 0 0 0 0 0 0 0 0 0 0 0 0.829034 0 0 0 0 0 0 0 0 0 0 0 0 0 0.825 0 0 0 0 0 0 0 0 0 0 0 0 0 0 0 0.830487 0 0 0 0 0 0 0 0 0 0 0 0 
C8H13N3O4            CHEMBL102044                             
0 0.822534 0.825921 0 0.825 0 0 0 0 0 0 0 0 0 0 0.822534 0 0 0 0 0.818323 0.827742 0 0 0 0 0 0 0 0 0.825921 0 0 0.827511 0 0 0 0.82623 0 0 0 0 0 0 0 0 0 0.827511 0 0 0.825042 0 0 0 0 0 0 0.817642 0 0 0.825 0 0 0 0 0 0 0 0.823294 0 0.823294 0 0 0 0 0 0.818323 0 0.825042 0 0 0 0 0 0 0 0 0 0 0 0 0.827742 0 0 0 0 0 0 0 0.824621 0 0.813173 0 0 0 0 0 0.82623 0 0 0 0 0 0 0 0 0 0 0 0 0 0 0 0 0.823294 0 0 0 0 0 0 0 0 0 0 0 0 0 0 0 0 0.824621 0 0 0 0 0 0 0 0 0 0 0 0 0.823294 0 0 0 0 0 0 0 0 0.823294 0.825 0 0 0 0 0 0 0.813173 0 0 0 0 0 0 0 0 0 0 0 0.817642 0 0 0 0 0 0 0 0 0 0 0 0 0 0 0 0 0 0 0 0 0 0.823294 0 0 0 0 0 0 0 0 0 0 0 0 0 0 0.825 0 0 0 0 
C9H13N3O2S           CHEMBL102054                             
0 0.60883 0.604669 0 0 0 0.755153 0.799384 0 0 0 0 0 0 0 0.60883 0 0 0 0 0.6042 0 0 0 0 0 0 0 0 0 0.604669 0 0 0 0.6083 0 0 0 0 0 0.597477 0 0 0 0 0 0 0 0 0.606764 0.604669 0 0 0 0.600015 0 0 0 0 0 0 0 0.6083 0.606764 0 0 0 0 0 0 0 0.597477 0 0 0 0 0.6042 0 0.604669 0 0 0 0 0 0 0 0 0 0 0 0.755153 0 0 0 0 0 0 0 0 0 0 0 0 0 0 0.799384 0 0 0 0 0 0 0 0 0 0 0 0 0 0 0 0 0 0 0 0 0 0 0 0 0.601026 0 0.6 0 0 0 0 0 0.600015 0 0 0 0 0 0 0 0 0 0.601687 0.598941 0 0 0.597477 0 0 0 0 0 0.601026 0 0 0 0 0 0 0 0 0 0 0.597477 0 0 0 0 0 0 0 0.605212 0 0 0 0 0 0 0 0 0 0 0.6 0 0 0.605212 0 0 0 0 0 0 0 0 0 0 0 0 0.601687 0 0 0 0 0 0 0 0 0 0 0 0 0 0 0.598941 0 0 0 0 0 
C10H22NO2S.Cl        CHEMBL102078                             
0 0 0.825 0 0.826931 0.823294 0 0 0 0 0 0 0 0 0 0 0 0 0 0 0 0 0.823294 0.823294 0.825 0.827742 0 0 0 0 0.825 0 0 0 0 0 0 0 0 0 0 0 0 0 0 0 0 0 0 0 0 0 0 0 0 0 0 0 0 0 0.826931 0 0 0 0 0 0 0 0 0 0 0.825 0 0 0 0.823294 0 0 0 0 0 0.830487 0 0 0 0 0 0 0 0 0 0 0 0 0 0.830487 0 0.823294 0 0 0 0 0 0 0 0 0.823294 0 0 0 0 0.823294 0 0 0 0 0 0 0 0 0 0.823294 0 0 0 0 0 0 0 0 0 0 0 0 0 0 0.825 0 0 0 0 0 0 0 0 0 0 0 0 0 0 0.827742 0 0 0 0 0 0 0 0 0 0 0 0 0 0 0 0 0 0.825 0 0 0 0 0 0 0 0.823294 0 0 0 0 0 0 0 0 0 0 0 0 0 0.823294 0 0.825 0 0 0 0 0 0 0 0 0 0 0 0 0 0.825 0 0.823294 0 0 0 0 0 0 0 0 0 0 0 0 0 0.823294 0 
C10H22NO2S.Cl        CHEMBL102263                             
0 0.826931 0 0.825 0 0 0.823294 0 0 0 0 0 0 0 0 0.826931 0 0 0 0 0.825 0 0 0 0 0 0 0 0 0 0 0 0 0 0 0 0 0 0.823294 0.825 0.827742 0.823294 0 0 0 0.825 0 0 0 0 0 0 0 0 0 0 0 0 0 0 0 0 0 0 0 0 0 0 0 0 0 0 0 0 0 0 0.825 0 0 0 0 0 0 0 0 0 0 0.826931 0.827741 0.823294 0.823294 0 0 0 0 0 0 0.830487 0 0 0 0 0 0 0 0 0 0 0 0 0 0.830487 0 0.823294 0 0 0 0 0 0 0 0 0.823294 0 0 0 0 0.823294 0 0 0 0 0 0 0 0 0 0.825 0 0 0 0 0 0 0 0 0 0 0 0 0 0 0.827742 0 0 0 0 0 0 0 0 0 0 0 0 0 0 0.823294 0 0 0 0 0 0 0 0 0 0 0 0 0 0 0 0 0 0.826931 0 0 0 0 0 0 0 0 0 0 0 0 0 0 0.827741 0 0 0 0 0 0 0 0 0 0 0 0 0 0 0.823294 0 0 0 0 0 0 0 0 0 
C13H18N2             CHEMBL102304                             
0 0.8292 0.823294 1.65812 0 0 0 0 0 0 0 0 0 0 0 0.8292 0 0 0 0 0 0 0 0 0.823294 0 0 0 0 0 0.823294 0 0 0 0 0.946361 0 0.827027 0 0 0 0 0 0 0 1.65812 0 0 0 0 0 0.824621 0 0.824172 0 0 0 0 0 0 0 0 0 0 0 0 0 0 0 0 0 0.825 0.823294 0 0 0 0 0.946361 0 0 0 0.824621 0 0 0 0 0 0 0 0 0 0 0 0.824621 0 0.824621 0 0 0 0 0 0 0 0 0 0 0 0.827027 0 0 0 0 0 0.830258 0 0 0 0 0 0 0 0 0 0.824172 0 0 0 0.830258 0 0 0 0 0 0 0 0 0.823294 0 0 0 0 0 0 0 0 0.825 0 0 0 0 0 0 0 0 0 0 0 0 0 0.825 0 0.823294 0 0.830487 0 0 0 0 0 0.825 0 0 0 0 0 0.823294 0 0 0 0 0 0 0 0 0.823294 0 0 0 0 0 0 0 0 0 0.830487 0 0 0 0 0 0 0 0 0 0 0.830487 0 0 0 0.825 0 0 0 0 0 0 0 0 0 0 0 0 0.830487 0.825 0 
C9H11BrN2O3          CHEMBL102454                             
0 0.821197 0 0.825 0 0 0.821197 0 0 0 0 0 0 0 0 0.821197 0 0.821197 0 0 0 0 0 0.825011 0 0 0 0 0 0 0 0.821197 0 0 0 0.825 0 0 0 0 0 0 0 0 0 0.825 0 0 0 0.825406 0 0 0 0 0 0 0 0 0 0 0 0 0 0.825406 0 0.825406 0 0 0 0 0 0.825 0 0 0 0 0 0.825 0 0.825406 0 0 0 0 0.830487 0 0 0 0 0 0.821197 0 0 0 0 0 0 0.820725 0 0 0.820531 0 0 0 0 0 0 0 0 0 0 0.820725 0 0 0 0 0 0.823199 0 0 0 0.825011 0 0 0 0 0 0 0 0 0 0 0 0 0 0 0 0 0 0 0.830487 0 0 0 0 0 0 0 0 0 0 0 0 0 0 0 0.820531 0 0 0 0 0 0 0.827027 0 0 0 0 0 0.825 0 0 0 0 0 0 0 0 0 0 0 0 0 0 0 0 0 0.823199 0 0 0 0 0 0.823294 0.829627 0 0 0 0 0 0 0 0 0 0 0.827027 0 0.823294 0 0 0 0 0 0 0 0 0 0 0 0 0 0 0.829627 0 0 
C9H22N6              CHEMBL102487                             
0 0 0.823293 0 0 0.823294 0 0.825 0 0 0 0 0 0 0 0 0 0 0.823294 0.826931 0 0.825 0 0 0 0 0 0 0 0 0.823293 0 0 0 0 0 0 0 0 0 0 0 0 0 0 0 0.823294 0 0 0 0 0 0 0 0 0 0 0 0 0 0 0.826931 0 0 0 0 0 0 0 0.823294 0 0 0 0 0 0.823294 0 0 0 0 0 0 0 0.823294 0 0 0 0 0 0 0 0.825 0 0 0 0 0 0 0 0 0 0 0 0 0 0.825 0 0 0 0 0 0 0 0 0 0 0 0 0 0 0 0 0 0 0 0.823294 0 0 0 0 0 0.823294 0 0 0 0 0 0 0 0.823294 0 0 0 0 0 0.823294 0 0 0 0 0 0 0 0 0 0 0 0 0 0.823294 0 0 0.823294 0 0 0 0 0 0 0 0 0 0 0.823294 0 0 0 0 0 0.823294 0 0 0 0 0 0 0 0 0 0 0.823294 0 0 0.823294 0 0 0 0 0 0 0 0 0 0 0 0 0 0.823294 0 0.823293 0 0 0 0 0 0 0 0 0 0 0 0.823294 0 0.823293 0 
C12H17N3             CHEMBL102562                             
0 0 0 0.759705 0.749623 0.762106 0 0 0 0 0 0 0 0 0 0 0 0 0 0 0.676503 1.45084 0 0 0.748676 0 0 0 0 0 0 0 0 0.76127 0 0 0 0 0 0 0.758219 0 0 0 0 0.759705 0 0.76127 0 0 0 0 0 0 0 0 0.758345 0 0 0 0.749623 0 0 0 0 0 0.709423 0 0.788435 0 0 0 0 0 0 0.762106 0.676503 0 0 0 0 0 0 0 0 0 0 0 0 0 0 1.45084 0 0 0.709423 0 0 0 0 0 0 0 0 0 0 0 0 0 0 0 0 0 0 0 0 0 0.756741 0.768503 0 0 0 0 0 0 0.788435 0 0 0 0 0.710152 0 0 0 0 0 0 0.748676 0 0 0 0 0 0 0.710152 0 0 0 0 0 0 0 0 0.758219 0 0 0 0 0 0 0 0 0 0.762512 0.76127 0 0 0 0 0.758345 0 0 0 0.756741 0 0 0 0 0 0 0 0 0 0 0 0 0 0 0.768503 0 0 0.762512 0 0 0 0 0 0 0 0 0 0 0 0 0 0 0.76127 0 0 0 0.7583 0 0 0 0 0 0 0 0 0 0 0 0 0 0.7583 0 
C9H7ClN2O3           CHEMBL102574                             
0 0.8125 0.825 0 0 0.837788 0 0 0 0 0 0 0 0 0 0.8125 0 0 0 0 0 0 0 0.834136 0.825 0 0 0 0 0 0.825 0 0 0.842519 0 0 0 0 0 0 0.829627 0 0 0 0 0 0 0.842519 0 0.834135 0 0 0 0 0 0 0 0 0 0 0 0 0 0.834135 0 0 0.8292 0.826931 0 0 0 0 0 0 0 0.837788 0 0 0 0 0 0.836766 0 0 0 0 0 0 0 0 0 0 0 0 0.8292 0.836766 0 0 0 0 0 0.831103 0 0 0 0 0 0 0 0.826931 0 0 0 0 0 0 0 0.819662 0 0 0 0.834136 0 0 0 0 0 0 0 0 0 0 0 0 0 0 0.825 0 0 0 0 0 0 0 0 0 0 0 0 0 0 0 0.829627 0 0 0 0 0 0 0 0 0 0 0 0 0 0 0 0 0 0 0.831103 0 0 0 0 0 0 0.82387 0 0 0 0 0 0 0 0 0.819662 0 0 0 0 0 0.8292 0.823294 0 0 0 0 0 0 0 0 0 0 0 0.82387 0.8292 0 0 0 0 0 0 0 0 0 0 0 0 0 0 0.823294 0 0 
C11H14ClN3           CHEMBL102588                             
0 0 0.823294 0 0.825 0 0 0.825406 0 0 0 0 0 0 0 0 0 0.823294 0 0 0.819167 0 0 0 0 0 0 0 0 0 0.823294 0.823294 0 0 0 0 0 0 0 0 0 0 0.825 0 0 0 0 0 0 0.821197 0 0 0 0 0 0.821197 0.816241 0 0 0 0.825 0 0 0.821197 0 0 0 0 0 0 0 0 0 0 0 0 0.819167 0 0 0 0 0 0 0 0 0 0 0 0.825406 0.825042 0 0 0 0 0 0 0 0 0 0 0 0 0.823294 0 0.834641 0.825406 0 0 0 0 0 0 0 0.825406 0.825406 0 0 0 0 0 0 0 0 0 0 0 0 0.825406 0 0 0.825 0 0 0 0 0 0 0 0 0 0 0 0.825406 0 0 0 0.819722 0 0 0 0 0 0 0.821197 0 0 0 0 0.825 0 0 0 0 0 0 0 0 0 0.816241 0 0 0 0 0 0.819722 0 0 0 0 0 0 0 0.825 0 0 0 0.823294 0 0 0 0 0 0 0 0 0 0 0 0 0 0.825406 0 0 0 0 0 0 0 0 0 0 0 0 0 0 0.825042 0.834641 0 0 0 0 0 0 0 0 
C12H19NO2            CHEMBL102594                             
0 0 0 0 0.824994 0 0 0 0 0 0 0 0.8245 0 0 0 0 0 0 0 0.82928 0 0 0 0 0 0 0 0.8288 0 0 0 0 0 0 0 0 0 0 0 0.824994 0 0 0 0 0 0 0 0 0.8245 0 0 0.82928 0 0.82928 0 0 0 0 0 0.824994 0 0 0.8245 0 0 0 0 0.824994 0 0 0 0 0 0 0 0.82928 0 0 0 0 0.8245 0.82565 0 0 0 0 0 0 0 0 0 0 0 0 0.8245 0 0 0.821346 0 0 0.824994 0 0 0 0 0 0 0.82928 0 0.82565 0 0 0 0 0 0 0 0 0 0 0 0 0 0.824994 0 0.821346 0 0 0 0 0 0 0 0 0 0 0 0.82928 0 0 0 0 0 0 0.821259 0 0 0 0 0 0 0.824994 0 0 0 0 0 0 0.821259 0 0 0 0 0.8245 0 0 0 0 0 0 0.824994 0 0 0 0 0 0 0 0 0.8245 0 0 0 0 0 0 0 0 0 0 0 0 0 0 0 0.8288 0 0 0 0 0 0 0 0 0 0 0 0 0 0 0 0 0 0 0 0 0 0 0 0.8245 0 0 0 0 
C12H14N2O            CHEMBL102655                             
0 0.600865 0.606892 0.6 0 0 0 0 0 0 0 0 0 0 0 0.600865 0 0 0 0.598246 0 0 0 0 0 0 0 0 0 0 0.606892 0 0 0 0 0.60351 0 0 0 0 0 0 0 0 0 0.6 0 0 0 0 0 0.593849 0.598566 0 0 0 0 0 0 0 0 0.598246 0 0 0 0.600015 0 0 0.601026 0 0 0 0 0 0 0 0 0.60351 0 0.600015 0 0 0 0 0.604669 0 0 0 0 0 0 0 0 0.593849 0 0 0 0 0 0 0 0.5958 0 0 0 0 0 0 0.598566 0 0 0 0 0 0 0.6 0 0 0 0 0 0 0 0 0.601026 0 0 0 0 0 0 0 0.597477 0 0 0 0 0 0 0 0.604669 0 0 0 0 0 0 0 0.597477 0 0 0 0 0 0 0 0 0.6 0 0 0 0 0 0 0.605212 0 0 0 0 0 0 0.5958 0 0 0 0 0 0 0 0.597477 0 0 0 0 0 0 0 0 0.597477 0 0 0 0 0.6 0 0 0 0 0 0 0 0 0 0 0.597477 0 0 0.6 0 0 0 0 0 0 0 0 0 0 0 0 0.605212 0.597477 0 0 0 
C13H14N2             CHEMBL102763                             
0 0.822138 0.817556 0 0 0 0 0 0 0 0 0.823294 0 0 0 0.822138 0 0 0.823199 0 0 0.817198 0 0 0 0 0 0 0 0 0.817556 0 0 0 0 0.823199 0 0 0 0 0.8292 0 0 0 0 0 0.823199 0 0 0.82623 0 0 0 0 0.825 0 0 0 0 0 0 0 0 0.82623 0 0 0 0 0.820052 0 0 0 0 0 0 0 0 0.823199 0 0 0 0.822439 0 0 0 0 0 0 0 0 0 0.817198 0 0 0 0.822439 0 0 0 0 0 0 0 0 0 0 0 0 0 0 0 0 0 0.826772 0.828779 0 0 0 0 0 0 0 0 0 0.820052 0 0 0.826772 0 0 0 0 0 0 0 0 0 0 0.825 0 0 0 0.828779 0 0 0 0 0 0 0 0 0 0.8292 0 0 0 0 0 0 0 0 0 0 0.819662 0.826931 0.823294 0 0 0 0 0 0 0 0 0 0 0 0.825 0 0 0 0 0 0 0 0 0 0 0 0 0 0.825 0 0.823294 0 0 0 0 0 0 0 0 0 0 0 0.819662 0 0.823294 0 0 0 0 0 0 0 0 0 0 0 0 0.826931 0 0 0 0 
C12H18N2O            CHEMBL1028           Megx                
0 0.823294 0 0.825 0.825406 0 0 0 0 0 0 0 0 0 0 0.823294 0 0.826931 0 0 0 0 0 0 0 0 0 0 0 0 0 0.826931 0 0 0 0.825 0 0.823293 0 0 0 0 0 0 0 0.825 0 0 0 0 0 0 0 0 0 0.821198 0 0.823294 0 0 0.825406 0 0 0 0 0 0 0 0 0.819167 0 0.825095 0 0 0 0 0 0.825 0 0 0 0 0 0 0 0 0 0 0 0 0 0 0 0 0 0 0 0.823294 0 0 0 0 0 0.830487 0 0 0 0.823293 0 0 0 0.823294 0 0 0 0 0 0 0 0 0 0 0 0 0 0 0 0 0 0.8333 0.823294 0 0 0 0 0 0 0 0 0.819167 0 0 0 0.8333 0 0 0 0 0 0 0 0 0 0.821198 0 0 0 0 0.823294 0 0 0 0 0 0 0 0 0 0 0.825095 0 0 0 0 0 0 0 0 0 0 0 0 0 0.823294 0 0 0 0 0 0 0 0 0 0 0 0 0 0 0 0 0 0.830487 0 0 0 0 0 0 0 0.823294 0 0 0 0 0 0 0 0 0 0 0 0 0 0.823294 0 
C10H21NO4            CHEMBL1029           OGT-918             
0 0.825 0 0 0 0 0 0 0 0 0 0 0 0 0 0.825 0 0.825025 0 0 0 0 0 0 0 0 0 0 0 0 0 0.825025 0 0.825 0 0 0 0 0 0.824939 0 0 0 0 0 0 0 0.825 0 0.825025 0.824939 0 0 0 0 0 0 0 0 0 0 0 0 0.825025 0 0 0 0 0 0 0 0 0 0 0 0 0 0 0.824939 0 0 0.825 0.825025 0 0 0 0 0 0 0 0 0 0 0 0 0.825 0 0 0 0 0 0 0 0 0 0 0 0 0 0 0.825025 0 0 0.825025 0 0.825 0 0 0 0 0 0 0 0 0 0 0 0.825025 0 0 0 0 0 0 0 0 0 0.824939 0 0 0 0 0 0 0 0.825025 0.825 0 0 0 0 0 0 0 0 0 0 0.825 0 0.825025 0 0 0 0 0 0 0 0 0 0 0 0 0 0 0.825 0 0 0.825025 0 0 0 0 0 0 0 0 0 0 0 0 0 0.825025 0 0.825 0 0 0 0 0 0 0 0 0 0 0 0 0 0.825 0 0.825025 0 0 0 0 0 0 0 0 0 0 0 0 0 0.825025 0 
C11H24N4             CHEMBL102933                             
0 0 0.825 0 0.823294 0 0 0.823294 0 0 0 0 0 0 0 0 0 0 0.823294 0 0.825 0.826931 0 0 0 0 0 0 0 0 0.825 0 0 0 0 0 0 0 0 0 0 0 0 0 0 0 0.823294 0 0 0 0 0 0 0 0 0 0 0 0 0 0.823294 0 0 0 0 0 0 0 0 0 0 0 0 0 0 0 0.825 0 0 0 0 0 0 0 0 0 0 0 0 0 0 0.826931 0 0 0 0 0 0 0 0.823294 0 0 0 0 0 0.823294 0 0 0 0 0 0 0 0.823294 0 0 0 0 0 0 0 0 0 0 0 0 0 0.823294 0 0 0 0 0.826931 0 0 0 0 0 0 0 0 0.823294 0 0 0 0 0 0 0 0.823294 0 0 0 0 0 0 0 0 0 0 0 0.830487 0 0.823294 0 0 0 0 0 0 0 0 0 0 0 0.830487 0 0.823294 0 0 0 0 0 0 0 0 0 0 0.826931 0 0 0.823294 0 0 0 0 0 0 0 0 0 0 0 0 0 0.823294 0 0 0 0.823294 0 0 0 0 0 0 0 0 0 0.823294 0 0 0 0.823294 0 
C10H8F2N2O           CHEMBL102943                             
0 0.82501 0 0.817102 0 0 0 0 0 0 0 0 0 0 0 0.82501 0 0.820348 0 0 0 0.828409 0 0 0 0 0 0 0 0 0 0.820348 0 0 0 0.823294 0 0 0 0 0 0 0 0 0 0.817102 0 0 0 0.819662 0 0 0 0.825042 0 0 0 0 0 0 0 0 0 0.819662 0 0.820842 0 0.82251 0 0 0 0 0 0 0 0 0 0.823294 0 0.820842 0 0 0 0 0.823294 0 0 0 0 0 0 0.828409 0 0 0 0 0 0 0 0 0.827484 0.82501 0 0 0 0 0 0 0 0.82251 0 0 0 0 0 0 0 0.830487 0 0 0 0 0 0.825042 0 0 0 0 0 0 0 0 0 0 0 0 0 0 0 0 0.823294 0 0 0 0 0 0 0 0.830487 0 0 0 0 0 0 0 0.827484 0 0 0 0 0 0 0 0 0 0 0 0 0 0 0.82501 0 0 0 0 0 0 0 0 0 0 0 0 0 0 0 0.830487 0 0 0 0 0 0.8333 0.823294 0 0 0 0 0 0 0 0 0 0.830487 0 0 0.8333 0 0 0 0 0 0 0 0 0 0 0 0 0 0 0.823294 0 0 
C13H17NO             CHEMBL102958                             
0 0.824981 0.77811 0 0 0 0 0 0 0 0 0 0 0 0 0.824981 0 0 0.912816 1.04795 0 0 0 0 0 0 0 0 0 0 0.77811 0 0 0 0 0.809909 0 0 0.825 0.825004 0 0 0 0 0 0 0.912816 0 0 0 0 0.762969 0 0 0 0 0 0 0 0 0 1.04795 0 0 0 0 0 0.653447 0 0 0 0 0 0 0 0 0 0.809909 0 0 0 0.877456 0.896893 0 0 0 0 0 0 0 0 0 0 0.762969 0 0.877456 0 0 0 0 0 0 0 0 0 0 0 0 0 0.653447 0.896893 0 0 0 0 0 0 0 0 0 0 0 0.825 0 0 0 0 0 0 0 0 0 0 0 0 0 0 0.825004 0 0 0 0 0 0 0 0.825004 0 0 0 0.825052 0 0 0 0 0 0 0 0 0 0.825004 0 0.825004 0 0 0 0 0 0 0 0 0 0 0 0 0 0.825004 0 0.824981 0 0 0 0 0 0 0 0 0 0 0 0 0 0.824981 0 0.825127 0 0 0 0 0 0 0 0 0 0 0 0 0 0.825127 0 0.824908 0 0 0 0 0 0 0 0 0 0.825052 0 0 0 0.824908 0 
C12H17N3             CHEMBL102995                             
0 0 0.823294 0 0.825 0 0.825406 0 0 0 0 0 0 0 0 0 0 0.823294 0 0 0 0 0 0 0.819167 0 0 0 0 0 0.823294 0.823294 0 0 0 0 0 0 0 0 0 0 0.825 0 0 0 0 0 0 0.821197 0 0 0 0 0 0.821197 0.816241 0 0 0 0.825 0 0 0.821197 0 0 0 0 0 0 0 0 0 0 0 0 0 0 0 0 0 0 0 0 0 0 0 0.823294 0.834641 0 0.825406 0 0 0 0 0 0 0.825406 0.825406 0 0 0 0 0 0 0 0 0 0 0 0 0.825406 0 0 0 0 0.819722 0 0 0 0 0 0 0 0 0 0.825406 0 0 0 0.825 0 0 0 0 0 0.819167 0 0 0 0 0 0 0 0 0 0 0 0.825042 0.825406 0 0 0 0.821197 0 0 0 0 0.825 0 0 0 0 0 0 0 0 0 0.816241 0 0 0 0.819722 0 0 0 0 0 0 0 0 0 0.825 0 0 0.823294 0 0 0 0 0 0 0 0 0 0 0 0 0 0 0.834641 0 0 0 0.825042 0 0 0 0 0 0 0 0 0 0 0 0 0 0 0.825406 0 0 0 0 0 
C8H10N2O3S2          CHEMBL103087                             
0 0.6 0 0 0 0 0 0 0 0.6 0.6 0.6 0 0 0 0.6 0 0 0.607505 0 0.60013 0 0 0 0 0 0 0 0 0 0 0 0 0.592927 0.6 0 0.603509 0 0 0 0 0 0 0 0 0 0.607505 0.592927 0 0 0 0 0 0 0 0 0 0 0 0 0 0 0.6 0 0 0.604799 0 0.606114 0 0 0 0 0 0 0 0 0.60013 0 0 0.604799 0 0 0 0 0 0 0 0 0 0 0 0 0.603509 0 0 0 0 0 0.60013 0 0 0 0 0 0 0 0 0 0 0.606114 0 0 0 0.60013 0 0 0 0 0 0 0 0 0 0 0 0 0.60013 0.60013 0 0 0 0 0 0.6 0 0.6 0 0 0 0 0 0 0 0 0 0 0 0 0 0 0.6 0 0 0 0 0 0 0 0 0 0 0 0 0 0 0.6 0 0 0 0 0 0 0 0 0 0 0 0 0 0 0 0 0 0 0 0 0 0 0 0 0 0 0 0.597477 0.6 0 0 0 0 0 0 0 0 0.6 0 0 0 0.597477 0 0 0 0 0 0 0 0 0 0 0 0 0 0 0.6 0 0 
C12H14N2O            CHEMBL103150                             
0 0.825 0.830487 0.825406 0 0 0 0 0 0 0 0 0 0 0 0.825 0 0 0 0.827483 0 0.823294 0 0 0 0 0 0 0 0 0.830487 0 0 0 0 0 0 0.827483 0 0 0 0 0 0 0 0.825406 0 0 0 0 0 0 0 0.823294 0 0 0 0 0 0 0 0.827483 0 0 0 0.823294 0 0 0 0 0.825095 0 0 0 0 0 0 0 0 0.823294 0 0 0.825042 0 0 0 0 0 0 0 0 0.823294 0 0 0 0 0 0 0 0.823294 0 0 0 0 0 0 0 0.827483 0 0 0.825042 0 0 0 0 0 0.826931 0 0 0 0 0 0 0.823294 0 0 0 0 0 0.8292 0 0 0.826931 0 0 0 0 0 0 0 0 0.823294 0 0.8292 0 0 0 0 0 0 0 0 0 0 0.825095 0 0 0 0 0 0 0 0 0 0 0 0 0 0 0 0 0 0.826931 0 0 0 0 0 0.825 0 0 0 0 0 0 0 0 0 0.826931 0 0 0 0 0 0 0 0 0 0 0 0 0 0 0 0 0 0.825 0 0 0.830487 0 0 0 0 0 0 0 0 0 0 0 0 0 0.830487 0 
C11H12N2O2           CHEMBL10316          Idazoxan            
0 0.828675 0.830127 0 0 0 0 0.833 0 0 0 0 0 0 0 0.828675 0 0 0 0 0.830127 0 0 0 0 0 0 0 0 0 0.830127 0 0 0.812791 0 0 0.820233 0 0 0 0 0 0 0 0 0 0 0.812791 0 0 0 0 0 0 0.825312 0 0 0 0 0 0 0 0 0 0 0 0 0.833775 0.827124 0 0 0 0 0 0 0 0.830127 0 0 0 0 0 0 0.8289 0 0 0.822934 0 0 0 0 0 0.820233 0 0 0 0 0 0 0 0.83072 0 0 0 0 0.833 0 0 0 0.833775 0 0 0 0 0 0 0 0 0 0 0 0 0 0 0.827124 0.8289 0 0 0 0 0 0 0.824484 0 0 0 0 0 0.825312 0 0 0 0 0 0 0.824534 0 0 0 0 0 0 0 0 0 0 0.83072 0 0 0.824534 0 0 0 0 0 0 0 0 0 0 0.822934 0 0 0 0 0 0 0 0.826572 0 0 0 0 0 0 0 0 0 0.824484 0 0 0 0 0 0.819302 0 0 0 0 0 0 0 0 0 0 0 0.826572 0 0 0.824711 0 0 0 0 0 0 0 0 0 0 0 0 0.819302 0.824711 0 
C10H19NO4            CHEMBL103200                             
0 0.816121 0.830487 0.83085 0 0 0 0.825002 0 0 0 0 0 0 0 0.816121 0 0 0 0.825 0 0.830487 0 0 0 0 0 0 0 0 0.830487 0 0 0 0 0.825 0 0 0.823294 0 0 0 0 0 0 0.83085 0 0 0 0 0 0 0 0 0 0.82883 0 0 0 0 0 0.825 0 0 0 0 0 0 0 0 0 0 0 0 0 0 0 0.825 0 0 0 0 0 0 0 0 0 0 0 0 0 0.830487 0 0 0 0 0 0 0 0.823294 0 0 0 0 0 0.825002 0 0 0 0 0 0 0 0 0 0 0 0 0 0 0 0 0.823294 0 0 0 0 0 0 0 0 0.823294 0 0 0 0 0 0 0 0 0 0.823294 0 0 0 0 0 0 0 0 0 0 0 0.82883 0 0 0 0 0 0 0 0 0.827742 0.822059 0 0 0 0 0 0 0 0 0 0.823294 0 0 0 0 0 0.826931 0 0 0 0 0 0 0 0 0 0 0.827742 0 0 0 0 0 0 0 0 0 0 0 0 0 0 0.822059 0 0 0 0 0 0 0 0 0 0 0 0 0 0 0 0.826931 0 0 0 
C11H15O3P            CHEMBL103375                             
0 0.822822 0.823294 0 0.823294 0 0.825042 0 0 0 0 0 0 0 0 0.822822 0 0 0 0 0 0 0 0 0 0 0 0 0 0 0.823294 0 0 0 0 0 0 0 0.825042 0.816121 0 0 0 0 0 0 0 0 0 0 0.819167 0 0 0 0 0 0 0 0 0 0.823294 0 0 0 0 0 0 0 0 0 0.826396 0 0 0 0 0 0 0 0.819167 0 0 0 0.825042 0 0 0 0 0 0 0 0.825042 0 0 0 0 0 0 0.824844 0 0 0 0 0 0 0 0 0 0 0 0 0.825042 0.824844 0 0 0 0 0 0 0 0 0 0 0.825042 0 0 0 0 0 0 0 0 0 0 0.823294 0 0 0 0.816121 0 0 0 0 0 0 0 0 0 0.823294 0 0 0 0 0 0 0.826396 0 0 0 0 0 0 0.823294 0 0 0 0 0 0 0 0 0 0 0 0 0 0.823294 0 0 0 0 0 0 0 0 0 0 0 0 0 0.823294 0 0 0 0 0.825 0 0 0 0 0 0 0 0 0.823294 0 0 0 0 0 0.823294 0 0 0 0 0 0 0 0 0 0 0 0 0.825 0.823294 0 
C8H15N5OS            CHEMBL103409                             
0 0.827511 0 0.821049 0.825 0 0 0 0 0 0 0 0 0 0 0.827511 0 0.823449 0 0 0 0 0.82479 0 0 0 0 0 0 0 0 0.823449 0 0 0 0.826772 0 0 0 0 0 0 0 0 0 0.821049 0 0 0 0 0 0.830015 0 0.829627 0 0 0 0 0 0 0.825 0 0 0 0 0.828779 0 0 0 0 0 0 0 0 0 0 0 0.826772 0 0.828779 0 0 0 0 0 0 0 0 0 0 0 0 0 0.830015 0 0 0 0 0 0 0 0 0 0 0 0 0.82479 0 0 0 0 0 0 0 0 0 0 0 0 0 0 0 0 0.829627 0 0 0 0 0 0 0.826772 0 0 0 0 0 0 0 0 0 0 0 0 0 0 0 0.825011 0 0 0 0 0 0 0 0 0 0 0 0.826772 0 0 0 0.821374 0 0 0 0 0 0 0 0 0 0 0 0.825011 0 0 0 0.821197 0 0 0 0 0 0 0 0 0 0 0 0.821374 0 0 0 0.825921 0 0 0 0 0 0 0 0 0 0 0 0.821197 0 0 0.825042 0 0 0 0 0 0 0 0 0 0 0 0 0.825921 0.825042 0 
C13H20N2             CHEMBL103537                             
0 0.829055 0 0 0 0 0 0 0.824052 0.816148 0 0 0 0 0 0.829055 0 0.830487 0 0 0 0 0 0 0 0.825545 0 0 0 0 0 0.830487 0 0 0.8292 0.823294 0 0 0 0 0 0 0 0 0 0 0 0 0 0.823294 0 0.823294 0 0 0 0 0 0 0 0 0 0 0.8292 0.823294 0 0 0 0 0 0 0 0 0 0 0 0 0 0.823294 0 0 0 0 0.823294 0 0 0 0 0 0 0 0 0 0 0.823294 0 0 0 0.8292 0 0 0 0 0.840387 0 0 0 0 0 0 0 0.823294 0.8292 0 0 0 0 0 0 0 0 0.824052 0 0 0 0 0 0 0 0 0 0 0.818357 0 0 0 0.816148 0 0 0 0 0 0 0 0 0 0 0 0 0 0 0 0.825545 0 0 0 0 0 0 0 0 0 0.831039 0 0 0 0 0 0 0 0 0 0 0 0.818357 0 0.831039 0 0 0 0 0 0 0 0 0 0 0.840387 0 0 0 0 0 0 0.825095 0 0 0 0 0 0 0 0 0 0 0 0 0 0.825095 0 0.827484 0 0 0 0 0 0 0 0 0 0 0 0 0 0.827484 0 
C11H13N3O            CHEMBL103588                             
0 0.825406 0.825 0.830487 0 0 0 0 0 0 0 0 0 0 0 0.825406 0 0 0 0 0 0.823294 0 0 0 0 0 0 0 0 0.825 0 0 0 0.827483 0 0 0.823294 0 0 0 0 0 0 0 0.830487 0 0 0 0 0 0 0 0.827483 0 0 0 0 0 0 0 0 0.827483 0 0 0.823294 0 0 0 0 0 0.825095 0 0 0 0 0 0 0 0.823294 0 0 0 0.825042 0 0 0 0 0 0 0 0.823294 0 0 0 0 0 0 0 0.8292 0.826931 0 0 0 0 0 0 0.823294 0 0 0 0 0 0 0.823294 0 0 0 0 0 0 0 0 0.827483 0 0.825042 0 0 0 0 0 0 0.826931 0 0 0 0 0 0 0 0 0.8292 0.823294 0 0 0 0 0 0 0 0 0 0 0 0 0 0.826931 0 0 0 0 0 0 0 0 0 0 0 0 0.825095 0 0 0 0 0 0 0 0 0 0 0 0 0 0 0 0 0 0 0.826931 0 0 0 0 0.825 0 0 0 0 0 0 0 0 0 0 0 0 0 0.825 0 0.830487 0 0 0 0 0 0 0 0 0 0 0 0 0 0.830487 0 
C10H8N2O3            CHEMBL103632                             
0 0.600078 0 0.6083 0 0 0 0.601026 0 0 0 0 0 0 0 0.600078 0 0.595297 0 0 0 0 0 0.602433 0 0 0 0 0 0 0 0.595297 0 0 0 0 0.600132 0 0 0 0 0 0 0 0 0.6083 0 0 0 0.598694 0 0 0 0 0.601026 0 0 0 0 0 0 0 0 0.598694 0 0.598338 0 0 0 0 0 0 0 0 0 0 0 0 0 0.598338 0 0.598174 0 0 0 0.595201 0 0 0 0 0 0 0.600132 0 0 0.598174 0 0 0 0 0 0 0 0 0 0.601026 0 0 0 0 0 0 0 0 0 0 0.597477 0 0 0 0 0.602433 0 0 0 0 0 0 0 0 0 0 0 0 0 0 0 0 0.601026 0 0 0 0 0 0 0 0 0.597477 0 0 0 0 0 0 0 0.595201 0 0 0 0 0 0 0 0 0 0 0 0 0 0 0 0 0.597477 0 0 0 0 0.6083 0.601026 0 0 0 0 0 0 0 0 0 0 0.597477 0 0.6083 0 0 0 0 0 0 0 0 0 0 0 0 0 0 0.601026 0 0 0.604669 0 0 0 0 0 0 0 0 0 0 0 0 0 0.604669 0 
C8H9N5S2             CHEMBL103681                             
0 0 0.608428 0 0.604824 0.595328 0 0 0 0 0 0 0 0 0 0 0 0 0.607929 0.60414 0 0 0 0 0 0 0 0 0 0 0.608428 0 0 0.601041 0 0 0 0 0 0 0 0 0 0 0 0 0.607929 0.601041 0 0 0 0.596998 0 0 0 0 0 0 0 0 0.604824 0.60414 0 0 0 0 0 0 0 0.593105 0 0 0 0 0 0.595328 0 0 0 0 0 0 0 0.605902 0 0 0 0.60208 0 0 0 0 0 0.596998 0 0 0 0.603547 0 0 0.601041 0 0 0 0 0 0 0 0 0 0 0.603547 0 0 0 0 0.602592 0 0 0 0 0 0 0 0 0.605902 0 0 0 0 0 0 0 0 0 0 0 0 0 0.593105 0 0 0 0 0 0 0 0 0 0 0 0 0 0 0 0 0.601041 0 0 0 0 0 0 0.587868 0 0 0 0 0 0 0 0 0.602592 0 0 0 0 0 0.610183 0 0 0 0 0 0 0.60208 0 0 0 0 0 0 0 0 0.603247 0 0 0 0 0 0 0 0 0 0 0.587868 0.610183 0 0 0 0 0 0 0 0 0 0 0 0 0 0 0 0.603247 0 0 
C8H18N4O3            CHEMBL103698                             
0 0.823294 0 0 0.8292 0 0.823294 0 0 0 0 0 0 0 0 0.823294 0 0 0.826396 0 0 0 0 0 0 0 0 0 0 0 0 0 0 0.823294 0 0.825042 0 0.826931 0 0 0 0 0 0 0 0 0.826396 0.823294 0 0 0 0 0 0.825 0 0 0 0 0 0 0.8292 0 0 0 0 0 0 0 0 0 0 0 0 0 0 0 0 0.825042 0 0 0 0 0 0 0 0 0 0 0 0 0.823294 0 0 0 0 0 0 0 0 0.819166 0.8333 0 0 0 0 0 0 0.826931 0 0 0 0 0 0 0 0 0 0 0 0 0 0 0 0.825 0 0 0 0 0 0 0 0 0 0.826931 0 0 0 0 0 0 0 0.819166 0 0 0 0 0 0 0 0 0 0 0 0 0 0 0.8333 0 0 0 0 0 0 0 0.823294 0 0 0 0 0 0 0 0 0 0 0 0 0 0 0.825 0 0 0 0 0 0 0 0 0 0 0 0 0 0.825 0 0 0 0 0 0 0 0 0 0.826931 0 0 0 0.825 0 0 0 0 0 0 0 0 0 0 0 0 0.823294 0.825 0 0 0 
C10H19N3O2           CHEMBL1037           CL-1388R            
0 0 0 0 0 0.739672 0.730495 0 0 0 0 0 0 0 0 0 0 0 0 0 0.730571 0 0 0 0.730527 0 0 0 0 0 0 0 0 0 0 0 0 0 0 0 0 0 0.7588 0 0.769665 0 0 0 0 0 0 0 0 0 0 0 0 0 0 0.77 0 0 0 0 0 0 0 0 0 0 0 0 0 0 0.759942 0.739672 0.730571 0 0 0 0 0 0.845934 0.830577 0 0 0 0 0 0 0.730495 0 0 0 0 0 0 0 0 0.7477 0 0 0.740653 0 0 0 0 0 0 0 0.845934 0 0 0 0 0.8258 0 0 0 0 0 0 0 0 0 0.830577 0 0 0 0 0 0.837 0 0 0 0 0.730527 0 0 0 0 0.7477 0 0 0 0 0 0 0 0 0 0 0 0 0 0 0 0.8258 0 0 0 0 0 0.829246 0 0 0 0 0 0 0 0 0 0.837 0 0 0 0 0.819466 0 0 0 0.7588 0 0 0 0.740653 0 0 0 0 0 0 0 0 0 0 0 0 0 0 0 0 0 0 0.829246 0.819466 0 0 0 0 0 0.769665 0.77 0.759942 0 0 0 0 0 0 0 0 0 0 
C11H15NO3            CHEMBL103700                             
0 0 0 0 0.828409 0.821198 0 0 0 0.825 0 0 0 0 0 0 0 0.830487 0 0.8292 0 0 0 0 0 0 0 0 0 0 0 0.830487 0 0.823294 0 0 0.825311 0 0 0 0 0 0 0 0 0 0 0.823294 0 0 0.8292 0 0.828767 0 0 0 0 0 0 0 0.828409 0.8292 0 0 0 0 0 0 0 0 0.823294 0 0 0 0 0.821198 0 0 0.8292 0 0 0 0 0 0 0 0 0 0 0 0 0 0.825311 0 0 0 0 0 0.825451 0 0 0 0 0 0 0 0 0 0.828767 0 0 0 0 0.822439 0 0 0 0 0 0 0 0 0 0 0 0 0.825451 0.822439 0 0 0 0 0 0 0 0.825 0 0 0 0 0 0 0 0 0 0 0 0.826931 0 0 0 0 0 0 0.823294 0 0 0 0 0 0 0 0 0.825042 0 0 0 0 0 0 0 0 0 0 0 0 0 0.825 0 0 0 0 0 0 0 0 0 0 0 0.826931 0 0.825 0 0 0.827484 0 0 0 0 0 0 0 0 0 0 0.825042 0 0 0 0 0 0 0 0 0 0 0 0 0 0 0 0 0.827484 0 0 
C9H15N5S             CHEMBL103720                             
0 0.829234 0.828779 0 0.825 0 0 0 0 0 0 0 0 0 0 0.829234 0 0 0 0 0 0.825451 0.826271 0 0 0 0 0 0 0 0.828779 0 0 0.824382 0 0 0 0 0.819616 0 0 0 0 0 0 0 0 0.824382 0 0 0.821049 0 0 0 0 0 0 0 0 0 0.825 0 0 0 0 0.827511 0 0 0 0 0 0 0 0 0 0 0 0 0.821049 0.827511 0 0 0 0 0 0 0 0 0 0 0 0.825451 0 0 0 0 0 0 0 0.821049 0 0 0 0 0 0 0.826271 0 0 0 0 0 0 0 0 0 0 0 0 0 0 0 0.819616 0 0 0 0 0 0 0 0 0 0 0 0 0 0 0 0 0 0 0.821049 0 0 0 0.829627 0.822439 0 0 0 0 0 0 0 0 0 0 0 0 0.829627 0 0 0 0.820052 0 0 0 0 0 0 0 0 0 0 0.822439 0 0 0.829234 0 0 0 0 0 0 0 0 0 0 0 0 0 0.829234 0 0 0.829628 0 0 0 0 0 0 0 0 0 0 0.820052 0 0 0 0.828316 0 0 0 0 0 0 0 0 0 0 0 0 0.829628 0.828316 0 
C12H19NO2            CHEMBL103779                             
