C3H9NO               CHEMBL104083         2-Methylamino-Ethanol
0 0 0.823294 0.826931 0 0 0 0 0 0.823294 0.823294 0 0 0 0.823294 0.826931 0 0 0 0 0 0.823294 0.823294 0 0 
C2H4Cl2O             CHEMBL113957         2,2-Dichloro-Ethanol
0 0.830487 0.825 0 0.823294 0.830487 0 0 0 0 0.825 0 0 0 0 0 0 0 0 0.823294 0.823294 0 0 0.823294 0 
C3H7NO               CHEMBL11544          N-Methyl-Acetamide  
0 0.825 0 0 0 0.825 0 0.825025 0.825025 0 0 0.825025 0 0 0 0 0.825025 0 0 0.825 0 0 0 0.825 0 
C3H9NO               CHEMBL115530                             
0 0 0 0.601026 0 0 0 0 0.604669 0.593849 0 0 0 0 0.604669 0.601026 0.604669 0 0 0 0 0.593849 0.604669 0 0 
C2H4O2S              CHEMBL116455         Mercaptoacetic      
0 0 0 0 0.830574 0 0 0 0.830574 0 0 0 0 0.8282 0 0 0.830574 0.8282 0 0.824968 0.830574 0 0 0.824968 0 
C3H9NO               CHEMBL116663                             
0 0 0.601026 0 0 0 0 0 0.601026 0 0.601026 0 0 0.597477 0.6 0 0.601026 0.597477 0 0 0 0 0.6 0 0 
C4H8O                CHEMBL116709                             
0 0.8167 0 0.827483 0 0.8167 0 0 0 0.823294 0 0 0 0.825 0 0.827483 0 0.825 0 0 0 0.823294 0 0 0 
C4H8O                CHEMBL116745         Ethoxy-Ethene       
0 0.830487 0.823294 0 0 0.830487 0 0 0 0 0.823294 0 0 0.826931 0 0 0 0.826931 0 0.823294 0 0 0 0.823294 0 
C4H6O                CHEMBL117135         2,5-Dihydro-Furan   
0 0 0 0.818605 0.82748 0 0 0.8125 0.839415 0 0 0.8125 0 0 0.822228 0.818605 0.839415 0 0 0 0.82748 0 0.822228 0 0 
C4H10S               CHEMBL117181         Ethylsulfanyl-Ethane
0 0.823294 0.826931 0 0 0.823294 0 0 0.823294 0 0.826931 0 0 0 0.823294 0 0.823294 0 0 0 0 0 0.823294 0 0 
C2H6N2O              CHEMBL117311         Dimethylnitrosamine 
0 0.830487 0.825 0 0 0.830487 0 0 0 0 0.825 0 0 0.823293 0.830487 0 0 0.823293 0 0 0 0 0.830487 0 0 
C4H8O                CHEMBL118459                             
0 0.825 0 0.823294 0 0.825 0 0 0 0.826931 0 0 0 0.825 0 0.823294 0 0.825 0 0 0 0.826931 0 0 0 
H3O4P                CHEMBL1187           E338                
0 0.813718 0.822014 0.827921 0.827921 0.813718 0 0 0 0 0.822014 0 0 0 0 0.827921 0 0 0 0 0.827921 0 0 0 0 
C4H11N               CHEMBL1189           Diethylamine        
0 0.82508 0 0.825167 0 0.82508 0 0.824994 0 0 0 0.824994 0 0 0 0.825167 0 0 0 0.824994 0 0 0 0.824994 0 
H4NO3P               CHEMBL121754         Phosphoramidic      
0 1.0375 1.0375 1.0375 1.0375 1.0375 0 0 0 0 1.0375 0 0 0 0 1.0375 0 0 0 0 1.0375 0 0 0 0 
CH5O2PS              CHEMBL122577         Methyl-Phosphonothioic
0 0.829034 0.823294 0.823683 0.832078 0.829034 0 0 0 0 0.823294 0 0 0 0 0.823683 0 0 0 0 0.832078 0 0 0 0 
CH5O3P               CHEMBL122938         Methyl              
0 0.825 0 0 0 0.825 0 0.825 0.825 0.825 0 0.825 0 0 0 0 0.825 0 0 0 0 0.825 0 0 0 
C3H3NO               CHEMBL13257          Isoxazole           
0 0.821049 0 0 0.827511 0.821049 0 0 0.824382 0 0 0 0 0.828779 0.825 0 0.824382 0.828779 0 0 0.827511 0 0.825 0 0 
CHO3.Na              CHEMBL1353           Sodium              
0 0.8333 0.819167 0.822822 0 0.8333 0 0 0 0 0.819167 0 0 0 0 0.822822 0 0 0 0 0 0 0 0 0 
C2H3NaO2             CHEMBL1354           E262                
0 0.826219 0.826189 0.824984 0 0.826219 0 0 0 0 0.826189 0 0 0 0 0.824984 0 0 0 0 0 0 0 0 0 
C4H11N               CHEMBL13782          TERTIARY-BUTYLAMINE 
0 0.825 0 0 0 0.825 0 0.825 0.825 0.825 0 0.825 0 0 0 0 0.825 0 0 0 0 0.825 0 0 0 
C4H8S                CHEMBL1379           Tetrahydrothiophene 
0 0.827511 0.825 0 0 0.827511 0 0 0 0.817642 0.825 0 0 0.82623 0 0 0 0.82623 0 0.821049 0 0.817642 0 0.821049 0 
C4H11N               CHEMBL13968          NBA                 
0 0.825025 0.825 0 0 0.825025 0 0 0 0 0.825 0 0 0.825025 0 0 0 0.825025 0 0.825 0 0 0 0.825 0 
C3H6O2               CHEMBL14021          Ethanecarboxylic    
0 0.826219 0.826189 0.824984 0 0.826219 0 0 0 0 0.826189 0 0 0 0 0.824984 0 0 0 0.825028 0 0 0 0.825028 0 
C3H9NO               CHEMBL140282         N-Isopropyl-Hydroxylamine
0 0.825 0.826931 0 0 0.825 0 0 0 0 0.826931 0 0 0.823294 0.825 0 0 0.823294 0 0 0 0 0.825 0 0 
C3H6O2               CHEMBL14079          Acetic              
0 0.6 0.597477 0.601027 0 0.6 0 0 0 0 0.597477 0 0 0 0.60467 0.601027 0 0 0 0 0 0 0.60467 0 0 
C2H3ClO2             CHEMBL14090          Chloroacetic        
0 0 0 0 0.827537 0 0 0 0.823789 0 0 0 0 0.823789 0 0 0.823789 0.823789 0 0.825 0.827537 0 0 0.825 0 
C4H10O               CHEMBL14245          Butyl               
0 0.825025 0 0 0 0.825025 0 0.825 0 0 0 0.825 0 0.825025 0 0 0 0.825025 0 0.825 0 0 0 0.825 0 
C3H8O2               CHEMBL15537          Dimethoxy-Methane   
0 0.823293 0.825 0 0 0.823293 0 0 0.825 0 0.825 0 0 0 0.823293 0 0.825 0 0 0 0 0 0.823293 0 0 
C2H3N3               CHEMBL15571          4H-[1,2,4]Triazole  
0 0.825062 0 0 0.824955 0.825062 0 0.825 0 0 0 0.825 0 0.825062 0 0 0 0.825062 0 0.824955 0.824955 0 0 0.824955 0 
C3H4Cl2              CHEMBL155926                             
0 0.825072 0 0 0.824985 0.825072 0 0.821435 0 0 0 0.821435 0 0.824898 0 0 0 0.824898 0 0 0.824985 0 0 0 0 
C3H3NS               CHEMBL15605          Thiazol-3-ium       
0 0.825062 0 0 0.824955 0.825062 0 0.825 0 0 0 0.825 0 0.825062 0 0 0 0.825062 0 0.824955 0.824955 0 0 0.824955 0 
C3H4Cl2              CHEMBL156075         2,3-Dichloro-Propene
0 0.825568 0 0 0 0.825568 0 0.822019 0 0.8244 0 0.822019 0 0.825655 0 0 0 0.825655 0 0 0 0.8244 0 0 0 
C2H5NO2              CHEMBL15625          Nitroethane         
0 0 0.825025 0.825025 0.825 0 0 0.824938 0 0 0.825025 0.824938 0 0 0 0.825025 0 0 0 0 0.825 0 0 0 0 
C4H9Br               CHEMBL156276         2-Bromo-Butane      
0 0.6 0 0 0 0.6 0 0.601026 0.597477 0 0 0.601026 0 0 0.604669 0 0.597477 0 0 0 0 0 0.604669 0 0 
C3H6BrCl             CHEMBL156560                             
0 0 0 0.601026 0 0 0 0 0 0.604669 0 0 0 0.597477 0.601026 0.601026 0 0.597477 0 0 0 0.604669 0.601026 0 0 
C4H7Cl               CHEMBL157368                             
0 0.601026 0 0.597477 0.6 0.601026 0 0 0 0 0 0 0 0.601026 0 0.597477 0 0.601026 0 0 0.6 0 0 0 0 
C4H7Br               CHEMBL157418                             
0 0.593849 0.604669 0 0 0.593849 0 0 0.6 0.604669 0.604669 0 0 0 0 0 0.6 0 0 0 0 0.604669 0 0 0 
C3H6Cl2              CHEMBL157427         1,3-Dichloro-Propane
0 0.824939 0 0 0 0.824939 0 0.825 0 0 0 0.825 0 0.825025 0 0 0 0.825025 0 0.825 0 0 0 0.825 0 
C4H8O                CHEMBL15849          Butan-2-One         
0 0.825001 0 0 0 0.825001 0 0.823294 0.830487 0 0 0.823294 0 0 0.823294 0 0.830487 0 0 0 0 0 0.823294 0 0 
C3H4N2               CHEMBL15967          Pyrazole            
0 0.825062 0 0 0.824955 0.825062 0 0.825 0 0 0 0.825 0 0.825093 0 0 0 0.825093 0 0.825036 0.824955 0 0 0.825036 0 
C4H7Cl               CHEMBL160508                             
0 0.601026 0.597477 0 0 0.601026 0 0 0.6 0.597477 0.597477 0 0 0 0 0 0.6 0 0 0 0 0.597477 0 0 0 
C3H10NP              CHEMBL160548         3-Phosphanyl-Propylamine
0 0 0 0.819063 0 0 0 0 0 0.82565 0 0 0 0.82565 0.819113 0.819063 0 0.82565 0 0 0 0.82565 0.819113 0 0 
C2H3Cl3              CHEMBL16080          1,1,1-Trichloroethane
0 0.825 0.825 0.825001 0.825 0.825 0 0 0 0 0.825 0 0 0 0 0.825001 0 0 0 0 0.825 0 0 0 0 
CBrCl3               CHEMBL160802         Bromo-Trichloro-Methane
0 0.601027 0.597477 0.6 0.737606 0.601027 0 0 0 0 0.597477 0 0 0 0 0.6 0 0 0 0 0.737606 0 0 0 0 
C2H4FNO              CHEMBL160811         2-Fluoro-Acetamide  
0 0.825 0.823294 0 0.823294 0.825 0 0 0 0 0.823294 0 0 0 0 0 0 0 0 0.823294 0.823294 0 0 0.823294 0 
C3H6BrCl             CHEMBL160835                             
0 0 0.6 0 0 0 0 0 0.601026 0 0.6 0 0 0.597477 0.601026 0 0.601026 0.597477 0 0 0 0 0.601026 0 0 
C4H9Br               CHEMBL160949         1-Bromo-Butane      
0 0.825025 0 0 0 0.825025 0 0.825 0 0 0 0.825 0 0.825025 0 0 0 0.825025 0 0.825 0 0 0 0.825 0 
C4H9Cl               CHEMBL160966                             
0 0.597477 0 0 0 0.597477 0 0.601026 0 0 0 0.601026 0 0.597477 0.6 0 0 0.597477 0 0 0 0 0.6 0 0 
C5H12                CHEMBL16102          Pentane             
0 0.825025 0 0 0 0.825025 0 0.825 0 0 0 0.825 0 0.824975 0 0 0 0.824975 0 0.825 0 0 0 0.825 0 
C4H5N                CHEMBL16225          1H-Pyrrole          
0 0.821947 0.818605 0 0 0.821947 0 0 0 0.840666 0.818605 0 0 0.839415 0 0 0 0.839415 0 0.825 0 0.840666 0 0.825 0 
C5H8                 CHEMBL16262          Pent-1-yne          
0 0.823683 0.819723 0 0 0.823683 0 0 0 0 0.819723 0 0 0.830851 0 0 0 0.830851 0 0.821581 0 0 0 0.821581 0 
C4H10O               CHEMBL16264          Ether               
0 0.825025 0 0 0 0.825025 0 0.825024 0 0 0 0.825024 0 0.824938 0 0 0 0.824938 0 0.825025 0 0 0 0.825025 0 
C4H6O                CHEMBL162694         3-Methoxy-Propyne   
0 0.830487 0.823294 0 0 0.830487 0 0 0 0 0.823294 0 0 0.826931 0 0 0 0.826931 0 0.821197 0 0 0 0.821197 0 
C4H10O               CHEMBL16502                              
0 0.825 0 0 0 0.825 0 0.825 0.825 0.825 0 0.825 0 0 0 0 0.825 0 0 0 0 0.825 0 0 0 
C3H4O2               CHEMBL170721         2-Oxo-Propionaldehyde
0 0.825025 0 0 0 0.825025 0 0.825025 0 0.825 0 0.825025 0 0.824938 0 0 0 0.824938 0 0 0 0.825 0 0 0 
C3H10N2              CHEMBL174324         Propane-1,3-Diamine 
0 0.825025 0 0 0.825 0.825025 0 0.825 0 0 0 0.825 0 0.825025 0 0 0 0.825025 0 0 0.825 0 0 0 0 
C3H4N2               CHEMBL177264         Aziridine-2-Carbonitrile
0 0.830487 0 0 0.830487 0.830487 0 0 0.829627 0.825 0 0 0 0.823294 0 0 0.829627 0.823294 0 0 0.830487 0.825 0 0 0 
AgNO3                CHEMBL177367         Silver              
0 0.823294 0.825001 0.830487 0 0.823294 0 0 0 0 0.825001 0 0 0 0 0.830487 0 0 0 0 0 0 0 0 0 
C4H9N                CHEMBL22830          Pyrrolidine         
0 0.601026 0.593849 0 0 0.601026 0 0 0 0.6 0.593849 0 0 0.6 0 0 0 0.6 0 1.0333 0 0.6 0 1.0333 0 
C3H11NO              CHEMBL24080          Trimethyl-ammonium  
0 0 0.831077 0.817197 0.824935 0 0 0 0 0 0.831077 0 0 0 0 0.817197 0 0 0 0 0.824935 0 0 0 0 
C2H6O2S              CHEMBL25028          Methanesulfonylmethane
0 0.6 0.600015 0.600923 0.650852 0.6 0 0 0 0 0.600015 0 0 0 0 0.600923 0 0 0 0 0.650852 0 0 0 0 
C3H9S.I              CHEMBL25340          Trimethyl-sulfonium 
0 0 0.605512 0.595317 0.601026 0 0 0 0 0 0.605512 0 0 0 0 0.595317 0 0 0 0 0.601026 0 0 0 0 
C3H7NO               CHEMBL268291                             
0 0 0 0 0.825025 0 0 0 0 0.825025 0 0 0 0.825025 0.825 0 0 0.825025 0 0 0.825025 0.825025 0.825 0 0 
C2H5NO2              CHEMBL268447         N-Hydroxymethyl-Formamide
0 0.823294 0.825 0 0 0.823294 0 0 0.825 0 0.825 0 0 0 0 0 0.825 0 0 0.823294 0 0 0 0.823294 0 
C4H10O               CHEMBL269630                             
0 0.824951 0 0.825038 0 0.824951 0 0.8253 0 0.825038 0 0.8253 0 0 0 0.825038 0 0 0 0 0 0.825038 0 0 0 
C4H8O                CHEMBL276521         Tetrahydro-Furan    
0 0.825 0 0 0.823628 0.825 0 0.824955 0 0 0 0.824955 0 0.827469 0 0 0 0.827469 0 0.823996 0.823628 0 0 0.823996 0 
C2H4INO              CHEMBL276727                             
0 0.6 0.597477 0 0.601026 0.6 0 0 0 0 0.597477 0 0 0 0 0 0 0 0 0.597477 0.601026 0 0 0.597477 0 
C3H8OS               CHEMBL277871         2-Methylsulfanyl-Ethanol
0 0 0.593849 0.600923 0 0 0 0 0 0.601026 0.593849 0 0 0 0.604669 0.600923 0 0 0 0 0 0.601026 0.604669 0 0 
C3H8OS               CHEMBL278882         Methanesulfinyl-Ethane
0 0.837045 0.826824 0.826317 0 0.837045 0 0 0 0 0.826824 0 0 0 0.828786 0.826317 0 0 0 0 0 0 0.828786 0 0 
C4H4S                CHEMBL278958         Thiophene           
0 0.830183 0.826772 0 0 0.830183 0 0 0 0.832771 0.826772 0 0 0.832771 0 0 0 0.832771 0 0.8292 0 0.832771 0 0.8292 0 
C4H4O                CHEMBL278980         Furan               
0 0.818605 0.824122 0 0 0.818605 0 0 0 0.839414 0.824122 0 0 0.820896 0 0 0 0.820896 0 0.8125 0 0.839414 0 0.8125 0 
C2HCl3               CHEMBL279816         Trichloroethylene   
0 0.823294 0.830487 0.825 0 0.823294 0 0 0 0.823294 0.830487 0 0 0 0 0.825 0 0 0 0 0 0.823294 0 0 0 
C3H8O2               CHEMBL286398         E490                
0 0.824989 0 0.825075 0 0.824989 0 0.825 0 0.825075 0 0.825 0 0 0 0.825075 0 0 0 0 0 0.825075 0 0 0 
C5H10                CHEMBL295337         1-Pentene           
0 0.601026 0.597477 0 0 0.601026 0 0 0 0 0.597477 0 0 0.604669 0 0 0 0.604669 0 0.593849 0 0 0 0.593849 0 
CH5NO2S              CHEMBL305268         Aminosulfane        
0 0.825 0.825 0.825 0.825 0.825 0 0 0 0 0.825 0 0 0 0 0.825 0 0 0 0 0.825 0 0 0 0 
CH5N3O               CHEMBL309499         Hydroxyguanidine    
0 0.825025 0 0 0 0.825025 0 0.825025 0 0 0 0.825025 0 0.825025 0.825 0 0 0.825025 0 0 0 0 0.825 0 0 
C3H6N2               CHEMBL317004                             
0 0 0 0.827511 0.821049 0 0 0.828779 0 0.824382 0 0.828779 0 0.825 0 0.827511 0 0.825 0 0 0.821049 0.824382 0 0 0 
C3H9NO               CHEMBL326602                             
0 0 0 0.825 0 0 0 0.823294 0 0 0 0.823294 0 0.823294 0.825 0.825 0 0.823294 0 0 0 0 0.825 0 0 
H5N2O2P              CHEMBL333905         Phosphorodiamidic   
0 0 0 0.825 0 0 0 0 0.825 0 0 0 0 0.825 0 0.825 0.825 0.825 0 0.825 0 0 0 0.825 0 
C3H5NO               CHEMBL344042         beta-propiolactam   
0 0.825 0.825042 0.822059 0 0.825 0 0 0 0.825042 0.825042 0 0 0 0.825 0.822059 0 0 0 0 0 0.825042 0.825 0 0 
CBr2ClF              CHEMBL345249                             
0 0.9125 0.812885 0.6 0.6875 0.9125 0 0 0 0 0.812885 0 0 0 0 0.6 0 0 0 0 0.6875 0 0 0 0 
C2H4ClNO             CHEMBL346368         2-Chloro-Acetamide  
0 0.825 0.823294 0 0.823294 0.825 0 0 0 0 0.823294 0 0 0 0 0 0 0 0 0.823294 0.823294 0 0 0.823294 0 
C3H4Cl2              CHEMBL346519                             
0 0.601026 0.6 0 0.597477 0.601026 0 0 0.597477 0 0.6 0 0 0 0 0 0.597477 0 0 0 0.597477 0 0 0 0 
C4H9Cl               CHEMBL346529         2-Chloro-Butane     
0 0.6 0 0 0 0.6 0 0.604669 0.601026 0 0 0.604669 0 0 0.593849 0 0.601026 0 0 0 0 0 0.593849 0 0 
C4H9Br               CHEMBL346532                             
0 0.601026 0 0 0 0.601026 0 0.597477 0 0 0 0.597477 0 0.601026 0.6 0 0 0.601026 0 0 0 0 0.6 0 0 
C4H9Cl               CHEMBL346997                             
0 0.605606 0.601026 0.776069 0.604669 0.605606 0 0 0 0 0.601026 0 0 0 0 0.776069 0 0 0 0 0.604669 0 0 0 0 
C4H9Br               CHEMBL347644                             
0 0.611937 0.601026 0.45101 0.597477 0.611937 0 0 0 0 0.601026 0 0 0 0 0.45101 0 0 0 0 0.597477 0 0 0 0 
C3H5NO               CHEMBL348107         Acrylamide          
0 0.823294 0.825 0 0.823294 0.823294 0 0 0.823294 0 0.825 0 0 0 0 0 0.823294 0 0 0 0.823294 0 0 0 0 
CCl3F                CHEMBL348290         Freon               
0 0.658775 0.7167 0.475 0.562884 0.658775 0 0 0 0 0.7167 0 0 0 0 0.475 0 0 0 0 0.562884 0 0 0 0 
C3H6Cl2              CHEMBL349587         2,2-Dichloro-Propane
0 0.6 0.675116 0.675115 0.666818 0.6 0 0 0 0 0.675116 0 0 0 0 0.675115 0 0 0 0 0.666818 0 0 0 0 
H4N2O2S              CHEMBL355001         Sulfuric            
0 0.825 0.825042 0.816742 0.820842 0.825 0 0 0 0 0.825042 0 0 0 0 0.816742 0 0 0 0 0.820842 0 0 0 0 
C2H6N2S              CHEMBL356703         S-Methylisothiourea 
0 0.825016 0.824998 0.824922 0 0.825016 0 0 0 0 0.824998 0 0 0 0 0.824922 0 0 0 0.824952 0 0 0 0.824952 0 
C3H3NSe              CHEMBL35736          Selenazole          
0 0 0.591893 0.611423 0 0 0 0.595328 0 0.612695 0.591893 0.595328 0 0 0 0.611423 0 0 0 0.6 0 0.612695 0 0.6 0 
C3H6OS               CHEMBL368734         Thietane            
0 0.8308 0 0.828274 0.824204 0.8308 0 0 0 0 0 0 0 0.832004 0.833467 0.828274 0 0.832004 0 0 0.824204 0 0.833467 0 0 
H2N2O3               CHEMBL369802                             
0 0.8167 0.834641 0.827483 0 0.8167 0 0 0 0.830487 0.834641 0 0 0 0 0.827483 0 0 0 0 0 0.830487 0 0 0 
C3H9NS               CHEMBL37279                              
0 0 0 0.829627 0 0 0 0.829627 0 0 0 0.829627 0 0.823293 0.825011 0.829627 0 0.823293 0 0 0 0 0.825011 0 0 
C2H3Cl3              CHEMBL43882          1,1,2-Trichloroethane
0 0.601026 0.597477 0 0.6 0.601026 0 0 0 0 0.597477 0 0 0 0 0 0 0 0 0.597477 0.6 0 0 0.597477 0 
C3H6O2               CHEMBL44215                              
0 0.824939 0 0 0 0.824939 0 0.825 0 0 0 0.825 0 0.825025 0 0 0 0.825025 0 0.825 0 0 0 0.825 0 
C3H6Cl2              CHEMBL44641          1,2-Dichloro-Propane
0 0 0.601026 0 0 0 0 0 0.601026 0 0.601026 0 0 0.6 0.597477 0 0.601026 0.6 0 0 0 0 0.597477 0 0 
CCl4                 CHEMBL44814          Carbon              
0 0.825 0.825 0.825 0.825 0.825 0 0 0 0 0.825 0 0 0 0 0.825 0 0 0 0 0.825 0 0 0 0 
C4H10O               CHEMBL45462          2-Butanol           
0 0.824902 0 0 0 0.824902 0 0.824988 0 0.8254 0 0.824988 0 0.824989 0 0 0 0.824989 0 0 0 0.8254 0 0 0 
C4H12N               CHEMBL46486          Tetramethylammonium 
0 0.8234 0.8234 0.8266 0.8266 0.8234 0 0 0 0 0.8234 0 0 0 0 0.8266 0 0 0 0 0.8266 0 0 0 0 
CH4N2O2              CHEMBL467            Hydroxycarbamide    
0 0.825 0 0 0 0.825 0 0.824939 0.825025 0 0 0.824939 0 0 0 0 0.825025 0 0 0.825 0 0 0 0.825 0 
C4H9Cl               CHEMBL47259          Butyl               
0 0.601026 0 0 0 0.601026 0 0.6 0 0 0 0.6 0 0.597477 0 0 0 0.597477 0 0.604669 0 0 0 0.604669 0 
H3O4V                CHEMBL50626          Orthovanadate       
0 0.825 0.825 0.825 0.825 0.825 0 0 0 0 0.825 0 0 0 0 0.825 0 0 0 0 0.825 0 0 0 0 
C3H4N2               CHEMBL540            Imidazole           
0 0.824967 0 0 0.824955 0.824967 0 0.825 0 0 0 0.825 0 0.824967 0 0 0 0.824967 0 0.824955 0.824955 0 0 0.824955 0 
C2H4BrNO             CHEMBL60628          2-Bromo-Acetamide   
0 0.825 0.823294 0 0.830487 0.825 0 0 0 0 0.823294 0 0 0 0 0 0 0 0 0.823294 0.830487 0 0 0.823294 0 
C2H3BrO2             CHEMBL60851          2-Bromoacetic       
0 0.825 0.825025 0.825025 0 0.825 0 0 0 0 0.825025 0 0 0 0 0.825025 0 0 0 0.825 0 0 0 0.825 0 
C2H5NO2              CHEMBL734            Lithostat           
0 0.825 0 0 0 0.825 0 0.825025 0.825025 0 0 0.825025 0 0 0 0 0.825025 0 0 0.825 0 0 0 0.825 0 
C2H5NO2              CHEMBL773            Glycine             
0 0.825025 0 0 0 0.825025 0 0.824939 0 0 0 0.824939 0 0.825025 0.825 0 0 0.825025 0 0 0 0 0.825 0 0 
C2H6N2O              CHEMBL86954          2-Amino-Acetamide   
0 0.825 0.825025 0.825025 0 0.825 0 0 0 0 0.825025 0 0 0 0 0.825025 0 0 0 0.825 0 0 0 0.825 0 
CH5N3O               CHEMBL903            Semicarbazide       
0 0.823294 0.8333 0.823294 0 0.823294 0 0 0 0 0.8333 0 0 0 0.830487 0.823294 0 0 0 0 0 0 0.830487 0 0 
C3H7NO               CHEMBL9421           N-Ethyl-Formamide   
0 0.825 0.823294 0 0 0.825 0 0 0 0 0.823294 0 0 0.826931 0 0 0 0.826931 0 0.823294 0 0 0 0.823294 0 
