C3H7N3               CHEMBL102029                             
0 0.821049 0.824382 0 0 0.825042 0.821049 0 0 0.827511 0 0 0.824382 0 0 0 0.828779 0 0 0.827511 0 0 0.825 0 0 0 0.828779 0.825 0 0 0.825042 0 0 0 0 0 
C4H7NO               CHEMBL104456         2-Methyl-Propenal   
0 0 0.826931 0 0.825 0 0 0 0.825 0.819662 0 0.823293 0.826931 0.825 0 0 0 0 0 0.819662 0 0 0 0 0.825 0 0 0 0 0 0 0.823293 0 0 0 0 
C4H11OS              CHEMBL104586                             
0 1.2 0 0 0 0 1.2 0 1.2 1.50083 0 0 0 1.2 0 0 0 0 0 1.50083 0 0 1.50083 0 0 0 0 1.50083 0 1.2 0 0 0 0 1.2 0 
C5H14N               CHEMBL104897                             
0 0.8292 0.8333 0.829241 0.833341 0 0.8292 0 0 0 0 0.826931 0.8333 0 0 0 0 0 0.829241 0 0 0 0 0 0.833341 0 0 0 0 0 0 0.826931 0 0 0 0 
C4H8O2               CHEMBL108778         Sodium              
0 0.824985 0 0 0.821435 0.8238 0.824985 0 0.824985 0.8237 0 0 0 0.824985 0 0 0 0 0 0.8237 0 0 0 0 0.821435 0 0 0 0 0 0.8238 0 0 0 0 0 
2Na.O3Se             CHEMBL112302         Sodium              
0 0.823294 0.825 0.830487 0 0 0.823294 0 0 0 0 0 0.825 0 0 0 0 0 0.830487 0 0 0 0 0 0 0 0 0 0 0 0 0 0 0 0 0 
C4H11NO              CHEMBL1135           N,N-Dimethylaminoethanol
0 0 0.823294 0.825 0.830487 0 0 0 0 0 0 0.826931 0.823294 0 0 0 0 0.823294 0.825 0 0 0 0 0 0.830487 0 0 0 0 0 0 0.826931 0.823294 0 0 0 
C2Cl4                CHEMBL114062         Tetrachloroethylene 
0 0.825 0.826931 0.823294 0 0 0.825 0 0 0 0.826931 0.823294 0.826931 0 0 0 0 0 0.823294 0 0 0 0 0 0 0.826931 0 0 0 0 0 0.823294 0 0 0 0 
C2H3F3O              CHEMBL116675         2,2,2-Trifluoroethanol
0 0.825 0 0.825 0.825 0.825 0.825 0 0.825025 0 0 0 0 0.825025 0 0 0 0 0.825 0 0 0 0 0 0.825 0 0 0 0 0 0.825 0 0 0 0 0 
C3H9NO2              CHEMBL116834                             
0 0.825025 0 0 0 0 0.825025 0 0.825 0 0.825025 0 0 0.825 0 0.825025 0 0 0 0 0.825025 0 0 0 0 0.825025 0 0 0 0.825 0 0 0 0 0.825 0 
C3H8N2S              CHEMBL116961                             
0 0.825 0.823294 0.823294 0 0 0.825 0 0 0 0 0 0.823294 0 0 0 0.823294 0 0.823294 0 0 0 0 0 0 0 0.823294 0 0 0.823294 0 0 0 0 0.823294 0 
C2H3Cl3O             CHEMBL1171           Trichlorethanol     
0 0.823294 0.830487 0.829911 0.825 0 0.823294 0 0 0 0 0 0.830487 0 0 0 0 0 0.829911 0 0 0 0 0 0.825 0 0 0 0 0.830487 0 0 0 0 0.830487 0 
C3H6N2S              CHEMBL11860          Ethylene            
0 0 0 0.825 0 0 0 0 0 0.825036 0.824998 0 0 0 0 0.824955 0 0.824967 0.825 0.825036 0.824955 0 0 0 0 0.824998 0 0 0 0.825 0 0 0.824967 0 0.825 0 
C4H9NO               CHEMBL118671                             
0 0.823294 0.825 0.838271 0 0 0.823294 0 0.823294 0 0 0 0.825 0.823294 0 0 0 0 0.838271 0 0 0 0 0.82921 0 0 0 0 0 0.823294 0 0 0 0.82921 0.823294 0 
C4H9NO               CHEMBL118705         Pyrrolidin-3-ol     
0 0 0 0 0.602589 0.599197 0 0 0.6 0 0.599509 0 0 0.6 0 0.602589 0 0.600807 0 0 0.602589 0 0 0 0.602589 0.599509 0 0 0 0 0.599197 0 0.600807 0 0 0 
C4H9NO               CHEMBL11873          N,N-Dimethyl-Acetamide
0 0.834135 0.8375 0.823294 0 0 0.834135 0 0 0 0.825 0.823294 0.8375 0 0 0 0 0 0.823294 0 0 0 0 0 0 0.825 0 0 0 0 0 0.823294 0 0 0 0 
C4H10O2              CHEMBL119596                             
0 0.824939 0 0 0 0.825025 0.824939 0 0.825025 0 0 0 0 0.825025 0 0.825025 0 0 0 0 0.825025 0 0 0 0 0 0 0 0 0.825025 0.825025 0 0 0 0.825025 0 
C4H7NS               CHEMBL119837         3-Methylsulfanyl-Propionitrile
0 0.826932 0 0 0 0 0.826932 0 0.823293 0 0 0 0 0.823293 0 0 0.830487 0 0 0 0 0 0.823293 0.823294 0 0 0.830487 0.823293 0 0 0 0 0 0.823294 0 0 
C3H6N2O              CHEMBL12034          Imidazolidin-2-One  
0 0.715349 0.718887 0.716712 0 0 0.715349 0 0 0 0.725 0 0.718887 0 0 0 0 0.725 0.716712 0 0 0 0 0 0 0.725 0 0 0 1.2375 0 0 0.725 0 1.2375 0 
C4H8OS               CHEMBL1207           Tetrahydro-Thiophene-1-Oxide
0 0.835902 0.822028 0.830209 0 0 0.835902 0 0 0 0 0 0.822028 0 0 0 0 0.820816 0.830209 0 0 0 0.833547 0 0 0 0 0.833547 0 0.836023 0 0 0.820816 0 0.836023 0 
C3H7NO2              CHEMBL12198          Alanine             
0 0.825 0.829103 0.830183 0 0 0.825 0 0 0 0 0 0.829103 0 0 0 0.800043 0.82979 0.830183 0 0 0 0 0 0 0 0.800043 0 0 0 0 0 0.82979 0 0 0 
C4H6N2               CHEMBL122235         1,6-Dihydro-Pyrimidine
0 0.8792 0 0.879097 0 0 0.8792 0 0.879097 0 0 0 0 0.879097 0 0 0 0.886306 0.879097 0 0 0 0.879098 0 0 0 0 0.879098 0 0.879239 0 0 0.886306 0 0.879239 0 
C4H11NO              CHEMBL122588         Deanol              
0 0.601026 0 0.597477 0.6 0.608314 0.601026 0 0 0 0 0 0 0 0 0.601026 0 0 0.597477 0 0.601026 0 0 0 0.6 0 0 0 0 0 0.608314 0 0 0 0 0 
C2H6N2O2             CHEMBL125006                             
0 0.823294 0.825 0.823294 0 0 0.823294 0 0 0 0.825 0.830487 0.825 0 0 0 0 0 0.823294 0 0 0 0 0 0 0.825 0 0 0 0 0 0.830487 0 0 0 0 
C4H6N2               CHEMBL1308           4-MP                
0 0.824967 0 0.824955 0 0 0.824967 0 0.825 0 0 0 0 0.825 0 0 0 0.824998 0.824955 0 0 0 0.825 0.825036 0 0 0 0.825 0 0 0 0 0.824998 0.825036 0 0 
CH5N3O2              CHEMBL134941         N-Hydroxyhydrazinecarboxamide
0 0.825 0.823294 0.823294 0 0 0.825 0 0 0 0 0 0.823294 0 0 0 0.830487 0 0.823294 0 0 0 0 0.823294 0 0 0.830487 0 0 0 0 0 0 0.823294 0 0 
Na.H2O4P             CHEMBL1368           Ionosol             
0 0.8208 0.8167 0.8333 0.8292 0 0.8208 0 0 0 0 0 0.8167 0 0 0 0 0 0.8333 0 0 0 0 0 0.8292 0 0 0 0 0 0 0 0 0 0 0 
C2H2Cl2O2            CHEMBL13960          Dichloroethanoic    
0 0.825 0.823294 0.830487 0 0 0.825 0 0 0 0.830487 0.823294 0.823294 0 0 0 0 0 0.830487 0 0 0 0 0 0 0.830487 0 0 0 0 0 0.823294 0 0 0 0 
C4H8O2               CHEMBL14152          Ethyl               
0 0.824939 0.825025 0.825 0 0 0.824939 0 0 0 0 0 0.825025 0 0 0 0 0 0.825 0 0 0 0.825025 0 0 0 0 0.825025 0 0.825 0 0 0 0 0.825 0 
C5H13N               CHEMBL14178          1-Ethyl-Propylamine 
0 0.601026 0 0 0 0 0.601026 0 0.597477 0.6 0 0 0 0.597477 0 0 0.601026 0 0 0.6 0 0 0 0.597477 0 0 0.601026 0 0 0 0 0 0 0.597477 0 0 
C4H8O2               CHEMBL14227          Butanoic            
0 0.823294 0.826844 0.825 0 0 0.823294 0 0 0 0 0 0.826844 0 0 0 0 0 0.825 0 0 0 0.826844 0 0 0 0 0.826844 0 0.825 0 0 0 0 0.825 0 
C2H2ClF3             CHEMBL142556                             
0 0.601041 0.596926 0.589699 0.597477 0 0.601041 0 0 0 0 0 0.596926 0 0 0 0 0 0.589699 0 0 0 0 0 0.597477 0 0 0 0 0.606347 0 0 0 0 0.606347 0 
C6H14                CHEMBL142735         2,2-Dimethyl-Butane 
0 0.597477 0.601026 0.599597 0.601027 0 0.597477 0 0 0 0 0.604669 0.601026 0 0 0 0 0 0.599597 0 0 0 0 0 0.601027 0 0 0 0 0 0 0.604669 0 0 0 0 
C5H12O               CHEMBL14568          Pentalcohol         
0 0.825025 0 0 0 0 0.825025 0 0.824938 0 0 0 0 0.824938 0 0.825025 0 0 0 0 0.825025 0 0.825025 0 0 0 0 0.825025 0 0.824938 0 0 0 0 0.824938 0 
C2H2O4               CHEMBL146755         Oxalic              
0 0.823767 0.827404 0.8262 0 0 0.823767 0 0 0 0.827491 0.8262 0.827404 0 0 0 0 0 0.8262 0 0 0 0 0 0 0.827491 0 0 0 0 0 0.8262 0 0 0 0 
CH5NO3S              CHEMBL150650         Sulfamic            
0 0.829714 0.833675 0.838009 0.825379 0 0.829714 0 0 0 0 0 0.833675 0 0 0 0 0 0.838009 0 0 0 0 0 0.825379 0 0 0 0 0.829388 0 0 0 0 0.829388 0 
C5H11N               CHEMBL15487          Piperidine          
0 0.716778 0.709602 0 0 0 0.716778 0 0 0.7125 0 0 0.709602 0 0 0 0.7125 0 0 0.7125 0 0 0 0.712666 0 0 0.7125 0 0 0.705448 0 0 0 0.712666 0.705448 0 
C4H4N2               CHEMBL15562          Pyrimidine          
0 0.825 0 0.825025 0 0 0.825 0 0.825025 0 0 0 0 0.825025 0 0 0 0.825025 0.825025 0 0 0 0.825025 0 0 0 0 0.825025 0 0.825 0 0 0.825025 0 0.825 0 
C5H11Br              CHEMBL155744                             
0 0.6 0.597477 0.601026 0.595317 0 0.6 0 0 0 0 0 0.597477 0 0 0 0 0.601026 0.601026 0 0 0 0 0 0.595317 0 0 0 0 0 0 0 0.601026 0 0 0 
C2H2Cl4              CHEMBL155816         1,1,1,2-Tetrachloroethane
0 0.601026 0.597477 0.612628 0.6 0 0.601026 0 0 0 0 0 0.597477 0 0 0 0 0 0.612628 0 0 0 0 0 0.6 0 0 0 0 0.597477 0 0 0 0 0.597477 0 
C5H11Br              CHEMBL155850         1-Bromo-Pentane     
0 0.825025 0 0 0 0 0.825025 0 0.825075 0 0 0 0 0.825075 0 0.824989 0 0 0 0 0.824989 0 0.825075 0 0 0 0 0.825075 0 0.825025 0 0 0 0 0.825025 0 
C2H3Br2NO            CHEMBL156196         2,2-Dibromo-Acetamide
0 0.823294 0.825 0.823294 0 0 0.823294 0 0 0 0.823294 0.825 0.825 0 0 0 0 0 0.823294 0 0 0 0 0 0 0.823294 0 0 0 0 0 0.825 0 0 0 0 
C5H11Br              CHEMBL156329                             
0 0.597477 0 0 0 0 0.597477 0 0.601026 0 0 0 0 0.601026 0 0.597477 0.6 0 0 0 0.597477 0 0 0.601026 0 0 0.6 0 0 0 0 0 0 0.601026 0 0 
C2H3Cl2NO            CHEMBL156653         2,2-Dichloro-Acetamide
0 0.823294 0.825 0.823294 0 0 0.823294 0 0 0 0.823294 0.825 0.825 0 0 0 0 0 0.823294 0 0 0 0 0 0 0.823294 0 0 0 0 0 0.825 0 0 0 0 
C2H3F2NO             CHEMBL156852         2,2-Difluoro-Acetamide
0 0.823294 0.825 0.823294 0 0 0.823294 0 0 0 0.823294 0.825 0.825 0 0 0 0 0 0.823294 0 0 0 0 0 0 0.823294 0 0 0 0 0 0.825 0 0 0 0 
C3H3N3               CHEMBL15698                              
0 0 0 0 0.822822 0.819167 0 0 0 0.823294 0.825 0 0 0 0 0.826931 0 0.825 0 0.823294 0.826931 0 0 0 0.822822 0.825 0 0 0 0 0.819167 0 0.825 0 0 0 
C4H4N2               CHEMBL15719          Pyridazine          
0 0.822822 0 0.826396 0 0 0.822822 0 0.82501 0 0 0 0 0.82501 0 0 0 0.830487 0.826396 0 0 0 0.825 0 0 0 0 0.825 0 0.823294 0 0 0.830487 0 0.823294 0 
C4H4N2               CHEMBL15797          Pyrazine            
0 0 0 0.822822 0 0.819167 0 0 0.823294 0 0.826931 0 0 0.823294 0 0.825 0 0 0.822822 0 0.825 0 0 0 0 0.826931 0 0 0 0.825 0.819167 0 0 0 0.825 0 
C4H7NO               CHEMBL158237         2-Methyl-Acrylamide 
0 0.823294 0.825 0 0.826931 0 0.823294 0 0 0.823294 0 0.825 0.825 0 0 0 0 0 0 0.823294 0 0 0 0 0.826931 0 0 0 0 0 0 0.825 0 0 0 0 
C5H11Br              CHEMBL158800                             
0 0.597477 0 0 0 0 0.597477 0 0 0.601026 0 0 0 0 0 0.597477 0.601026 0.6 0 0.601026 0.597477 0 0 0 0 0 0.601026 0 0 0 0 0 0.6 0 0 0 
C6H14                CHEMBL15939          Hexane              
0 0.825025 0 0 0 0 0.825025 0 0.825075 0 0 0 0 0.825075 0 0.824989 0 0 0 0 0.824989 0 0.825075 0 0 0 0 0.825075 0 0.825025 0 0 0 0 0.825025 0 
C2H3NO3              CHEMBL15976          Oxamic              
0 0.825025 0.825 0.824939 0 0 0.825025 0 0 0 0 0 0.825 0 0 0 0 0 0.824939 0 0 0 0.825025 0.825 0 0 0 0.825025 0 0 0 0 0 0.825 0 0 
C6H12                CHEMBL15980          Cyclohexane         
0 0.825 0 0 0 0.825025 0.825 0 0.825025 0 0 0 0 0.825025 0 0.825025 0 0 0 0 0.825025 0 0.825 0 0 0 0 0.825 0 0.825025 0.825025 0 0 0 0.825025 0 
C3H3Cl3              CHEMBL160390         1,1,3-Trichloro-Propene
0 0.601026 0.597477 0.6 0 0 0.601026 0 0 0 0.597477 0 0.597477 0 0 0 0 0 0.6 0 0 0 0 0 0 0.597477 0 0 0 0.601026 0 0 0 0 0.601026 0 
C4H6Cl2              CHEMBL160833                             
0 0.601026 0 0 0.6 0.597477 0.601026 0 0 0 0 0 0 0 0 0 0 0.601026 0 0 0 0 0.601026 0 0.6 0 0 0.601026 0 0 0.597477 0 0.601026 0 0 0 
C4H8N2               CHEMBL161318         Pyrrolidin-(2Z)-ylideneamine
0 0.82387 0.8167 0.827484 0 0 0.82387 0 0 0 0.825011 0 0.8167 0 0 0 0 0 0.827484 0 0 0 0 0.825 0 0.825011 0 0 0 1.425 0 0 0 0.825 1.425 0 
C2H6N2O2             CHEMBL163675                             
0 0.6083 0.601026 0 0 0 0.6083 0 0 0.604669 0.604669 0 0.601026 0 0 0 0 0 0 0.604669 0 0 0 0.598084 0 0.604669 0 0 0 0 0 0 0 0.598084 0 0 
C3H6O2S              CHEMBL163849         Methanesulfonyl-Ethene
0 0.840387 0.833237 0.836766 0 0.836766 0.840387 0 0 0 0.825042 0 0.833237 0 0 0 0 0 0.836766 0 0 0 0 0 0 0.825042 0 0 0 0 0.836766 0 0 0 0 0 
C3H6N2O              CHEMBL163957                             
0 0.6 0.604669 0 0 0 0.6 0 0 0.593849 0 0.604669 0.604669 0 0 0 0 0 0 0.593849 0 0 0.604669 0 0 0 0 0.604669 0 0 0 0.604669 0 0 0 0 
C6H10                CHEMBL16396          Cyclohexene         
0 0.823293 0 0.825 0 0 0.823293 0 0.830487 0 0 0 0 0.830487 0 0 0 0.825 0.825 0 0 0 0.823293 0 0 0 0 0.823293 0 0.830487 0 0 0.825 0 0.830487 0 
C3H8N2O              CHEMBL164852                             
0 0.601026 0.6 0 0 0 0.601026 0 0 0 0 0 0.6 0 0 0.597477 0.601026 0 0 0 0.597477 0 0 0.601026 0 0 0.601026 0 0 0 0 0 0 0.601026 0 0 
C4H4O2               CHEMBL166223         Furan-2(5H)-one     
0 0.829234 0.828779 0.830098 0 0 0.829234 0 0 0 0 0.822534 0.828779 0 0 0 0.825 0 0.830098 0 0 0 0 0 0 0 0.825 0 0 0.82623 0 0.822534 0 0 0.82623 0 
C3H7NO2              CHEMBL170341         3-Hydroxy-Propionamide
0 0.823293 0.825 0.826931 0 0 0.823293 0 0 0 0 0.823294 0.825 0 0 0 0 0 0.826931 0 0 0 0 0 0 0 0 0 0 0.830487 0 0.823294 0 0 0.830487 0 
C3H7NO2              CHEMBL170742         2-Methoxy-Acetamide 
0 0.825 0.823294 0.823294 0 0 0.825 0 0 0 0 0 0.823294 0 0 0 0 0 0.823294 0 0 0 0.830487 0 0 0 0 0.830487 0 0.823294 0 0 0 0 0.823294 0 
C3H6ClNO             CHEMBL171266         3-Chloro-Propionamide
0 0.826931 0.8333 0.823294 0 0 0.826931 0 0 0 0 0.823294 0.8333 0 0 0 0 0 0.823294 0 0 0 0 0 0 0 0 0 0 0.823294 0 0.823294 0 0 0.823294 0 
C4H10O2              CHEMBL171623         Butane-1,4-Diol     
0 0.825075 0 0 0.825025 0 0.825075 0 0.824989 0 0 0 0 0.824989 0 0.825075 0 0 0 0 0.825075 0 0 0.825025 0.825025 0 0 0 0 0 0 0 0 0.825025 0 0 
C3H6O3               CHEMBL173813         2,3-Dihydroxypropanal
0 0.886306 0 0 0 0 0.886306 0 0.8833 0 0 0 0 0.8833 0 0.875457 0 0.882743 0 0 0.875457 0 0 0 0 0 0 0 0 0.883257 0 0 0.882743 0 0.883257 0 
C4H12N2              CHEMBL174165                             
0 0.825025 0 0 0 0 0.825025 0 0.825025 0 0 0 0 0.825025 0 0.824939 0 0 0 0 0.824939 0 0.825075 0 0 0 0 0.825075 0 0.825025 0 0 0 0 0.825025 0 
C4H10OS              CHEMBL174477         Ethanesulfinyl-Ethane
0 0.837322 0.823058 0.826729 0 0 0.837322 0 0 0 0 0 0.823058 0 0 0 0.831234 0 0.826729 0 0 0 0 0.830423 0 0 0.831234 0 0 0 0 0 0 0.830423 0 0 
C3H8N2O              CHEMBL175201                             
0 0.825 0 0 0.823294 0.821197 0.825 0 0 0 0 0 0 0 0 0 0 0.826931 0 0 0 0 0.826396 0 0.823294 0 0 0.826396 0 0 0.821197 0 0.826931 0 0 0 
C3H10N2O             CHEMBL177097                             
0 0 0 0.825011 0.823294 0.828409 0 0 0 0 0.822822 0 0 0 0 0 0 0.823294 0.825011 0 0 0 0 0 0.823294 0.822822 0 0 0 0 0.828409 0 0.823294 0 0 0 
C5H11I               CHEMBL177307         3-Iodo-Pentane      
0 0.825 0 0 0 0 0.825 0 0.823294 0.823294 0 0 0 0.823294 0 0 0.821197 0 0 0.823294 0 0 0 0.823294 0 0 0.821197 0 0 0 0 0 0 0.823294 0 0 
C5H11F               CHEMBL177481         3-Fluoro-Pentane    
0 0.825 0 0 0 0 0.825 0 0.823294 0.823294 0 0 0 0.823294 0 0 0.821197 0 0 0.823294 0 0 0 0.823294 0 0 0.821197 0 0 0 0 0 0 0.823294 0 0 
C3H7NO2              CHEMBL177591         Dimethyl-Carbamic   
0 0.826931 0.823294 0.825 0 0 0.826931 0 0 0 0.825 0.823294 0.823294 0 0 0 0 0 0.825 0 0 0 0 0 0 0.825 0 0 0 0 0 0.823294 0 0 0 0 
C5H10O               CHEMBL177905                             
0 0.823294 0.825 0 0 0 0.823294 0 0.823294 0 0.825 0 0.825 0.823294 0 0.834135 0 0 0 0 0.834135 0 0 0.832581 0 0.825 0 0 0 0 0 0 0 0.832581 0 0 
C3H5NO2              CHEMBL17940          Monoisonitrosoacetone
0 0.879098 0 0 0.886306 0 0.879098 0 0.879098 0 0 0 0 0.879098 0 0.8875 0 0.879098 0 0 0.8875 0 0 0 0.886306 0 0 0 0 0 0 0 0.879098 0 0 0 
C5H10O               CHEMBL18360          3-Methyl-Butyraldehyde
0 0.86671 0 0 0 0 0.86671 0 0.890433 0 0 0 0 0.890433 0 0.8792 0 0 0 0 0.8792 0 0.879098 0.883257 0 0 0 0.879098 0 0 0 0 0 0.883257 0 0 
C5H8O                CHEMBL18475          Cyclobutanecarbaldehyde
0 0.8792 0 0 0 0 0.8792 0 0.883257 0 0 0 0 0.883257 0 0 0.893496 0.886602 0 0 0 0 0.888376 0.884415 0 0 0.893496 0.888376 0 0 0 0 0.886602 0.884415 0 0 
C5H10O               CHEMBL18602          Pentanal            
0 0.825025 0.825025 0 0 0 0.825025 0 0 0 0 0 0.825025 0 0 0.825025 0 0 0 0 0.825025 0 0.824939 0 0 0 0 0.824939 0 0.825025 0 0 0 0 0.825025 0 
C5H8O                CHEMBL18620          Cyclopentanone      
0 0.8792 0 0 0 0 0.8792 0 0.881747 0.882743 0 0 0 0.881747 0 0 0 0.882125 0 0.882743 0 0 0.880919 0 0 0 0 0.880919 0 0.880696 0 0 0.882125 0 0.880696 0 
CO3.2Na              CHEMBL186314         Sodium              
0 0.838271 0.834641 0.85 0 0 0.838271 0 0 0 0 0 0.834641 0 0 0 0 0 0.85 0 0 0 0 0 0 0 0 0 0 0 0 0 0 0 0 0 
C5H11Cl              CHEMBL18780          3-Chloro-Pentane    
0 0.825 0 0 0 0 0.825 0 0.823294 0.823294 0 0 0 0.823294 0 0 0.821197 0 0 0.823294 0 0 0 0.823294 0 0 0.821197 0 0 0 0 0 0 0.823294 0 0 
H4N2O3S              CHEMBL195540         N-Hydroxysulfamide  
0 0.825025 0 0 0 0 0.825025 0 0.825 0 0 0 0 0.825 0 0.825 0.825 0.825 0 0 0.825 0 0 0 0 0 0.825 0 0 0 0 0 0.825 0 0 0 
C5H5N                CHEMBL266158         Pyridine            
0 0.825025 0.825025 0 0 0 0.825025 0 0 0.825 0 0 0.825025 0 0 0 0.825 0 0 0.825 0 0 0 0.825025 0 0 0.825 0 0 0.825025 0 0 0 0.825025 0.825025 0 
C2H6O2S2             CHEMBL274116         Methanethiosulfonic 
0 1.02704 0.845965 0.917997 1.01699 0 1.02704 0 0 0 0 0 0.845965 0 0 0 0 0 0.917997 0 0 0 0 0.721775 1.01699 0 0 0 0 0 0 0 0 0.721775 0 0 
C4H7NO               CHEMBL274503                             
0 0.821197 0.829034 0.8375 0 0 0.821197 0 0 0 0.823294 0.825 0.829034 0 0 0.831103 0 0 0.8375 0 0.831103 0 0 0 0 0.823294 0 0 0 0 0 0.825 0 0 0 0 
C2HCl3O              CHEMBL27551          Trichloro-Acetaldehyde
0 0.825 0 0.825 0.825 0.825 0.825 0 0.825025 0 0 0 0 0.825025 0 0 0 0 0.825 0 0 0 0 0 0.825 0 0 0 0 0 0.825 0 0 0 0 0 
C4H9NO               CHEMBL276518         Morpholine          
0 0.825001 0 0 0 0.82267 0.825001 0 0.820411 0 0 0 0 0.820411 0 0.824311 0 0 0 0 0.824311 0 0.825001 0 0 0 0 0.825001 0 0.82656 0.82267 0 0 0 0.82656 0 
C4H7NO               CHEMBL276849         Pyrrolidin-2-one    
0 0.825 0.822534 0 0.82623 0 0.825 0 0 0.828779 0 0 0.822534 0 0 0 0 0 0 0.828779 0 0 0 0.829234 0.82623 0 0 0 0 0.822534 0 0 0 0.829234 0.822534 0 
C6H6                 CHEMBL277500         Benzene             
0 0.825 0 0 0 0.825025 0.825 0 0.825025 0 0 0 0 0.825025 0 0.825025 0 0 0 0 0.825025 0 0.825 0 0 0 0 0.825 0 0.825025 0.825025 0 0 0 0.825025 0 
C3H7NO2              CHEMBL279597                             
0 0.825025 0 0 0 0 0.825025 0 0.824939 0 0.825 0 0 0.824939 0 0.825025 0 0.825 0 0 0.825025 0 0 0 0 0.825 0 0 0 0 0 0 0.825 0 0 0 
C3H10N2O             CHEMBL281021                             
0 0.825025 0 0 0 0 0.825025 0 0.824939 0 0 0 0 0.824939 0 0.825025 0 0 0 0 0.825025 0 0.825025 0 0 0 0 0.825025 0 0.824939 0 0 0 0 0.824939 0 
C3H9OS.I             CHEMBL283149         Trimethyl-sulfoniumoxide
0 0.76326 0 0.595317 0.601026 0.605512 0.76326 0 0 0 0 0 0 0 0 0 0 0 0.595317 0 0 0 0 0 0.601026 0 0 0 0 0 0.605512 0 0 0 0 0 
C5H10O               CHEMBL288998         Cyclopentanol       
0 0.826109 0 0 0.826111 0.824301 0.826109 0 0.824934 0 0 0 0 0.824934 0 0.8244 0 0 0 0 0.8244 0 0.824934 0 0.826111 0 0 0.824934 0 0 0.824301 0 0 0 0 0 
C3H5N3               CHEMBL291627         2-Aminoimidazole    
0 0.8172 0 0 0.815973 0 0.8172 0 0.817301 0 0 0 0 0.817301 0 0.819809 0 0.817165 0 0 0.819809 0 0.816336 0 0.815973 0 0 0.816336 0 0 0 0 0.817165 0 0 0 
C3H3BrN2             CHEMBL292042                             
0 0.604798 0.60013 0 0 0.598269 0.604798 0 0 0.6042 0 0 0.60013 0 0 0 0.60013 0 0 0.6042 0 0 0.603509 0 0 0 0.60013 0.603509 0 0 0.598269 0 0 0 0 0 
C3H3FN2              CHEMBL292983                             
0 0.604798 0.60013 0 0 0.598269 0.604798 0 0 0.6042 0 0 0.60013 0 0 0 0.60013 0 0 0.6042 0 0 0.603509 0 0 0 0.60013 0.603509 0 0 0.598269 0 0 0 0 0 
C4H6N2               CHEMBL293391         2-Methylimidazole   
0 0.825036 0 0 0.824998 0 0.825036 0 0.824955 0 0 0.825 0 0.824955 0 0.824967 0 0 0 0 0.824967 0 0.825 0 0.824998 0 0 0.825 0 0 0 0.825 0 0 0 0 
C5H13N               CHEMBL294955         2-Methyl-Butylamine 
0 0.604669 0 0 0 0 0.604669 0 0.593849 0 0 0 0 0.593849 0 0.604669 0.6 0 0 0 0.604669 0 0 0.597477 0 0 0.6 0 0 0 0 0 0 0.597477 0 0 
C2H3N3S              CHEMBL295053                             
0 0.825609 0 0 0.825852 0 0.825609 0 0 0.827065 0 0.820821 0 0 0 0.821679 0.827741 0 0 0.827065 0.821679 0 0 0 0.825852 0 0.827741 0 0 0 0 0.820821 0 0 0 0 
C4H9NO               CHEMBL296027         N-Isopropyl-Formamide
0 0.604669 0.6042 0 0 0 0.604669 0 0 0 0 0 0.6042 0 0 0.6083 0 0 0 0 0.6083 0 0.60832 0.603134 0 0 0 0.60832 0 0 0 0 0 0.603134 0 0 
C4H9NO               CHEMBL297216         N-Propyl-Formamide  
0 0.606764 0.6083 0 0 0 0.606764 0 0 0 0 0 0.6083 0 0 0.6 0 0 0 0 0.6 0 0.60832 0 0 0 0 0.60832 0 0.604257 0 0 0 0 0.604257 0 
C3H7NO2              CHEMBL297569         3-Amino-Propionic   
0 0.825025 0 0 0 0 0.825025 0 0.825025 0 0 0 0 0.825025 0 0.824939 0 0 0 0 0.824939 0 0.825025 0.825 0 0 0 0.825025 0 0 0 0 0 0.825 0 0 
C2H8NO2P             CHEMBL300051         1-Aminoethylphosphonous
0 0.825042 0.825042 0.825042 0 0 0.825042 0 0 0 0.823294 0.827484 0.825042 0 0 0 0 0 0.825042 0 0 0 0 0 0 0.823294 0 0 0 0 0 0.827484 0 0 0 0 
C3H7NO2              CHEMBL304383         Sarcosine           
0 0.825025 0 0 0.824939 0 0.825025 0 0.825025 0 0 0 0 0.825025 0 0.825025 0 0.825 0 0 0.825025 0 0 0 0.824939 0 0 0 0 0 0 0 0.825 0 0 0 
C3H6N2O              CHEMBL30446          Imidazolidin-4-One  
0 0.823449 0 0.823757 0 0 0.823449 0 0 0 0.816742 0.82748 0 0 0 0.825011 0 0.822228 0.823757 0 0.825011 0 0 0 0 0.816742 0 0 0 0 0 0.82748 0.822228 0 0 0 
C6H14                CHEMBL30909          2-Methylpentane     
0 0.826931 0 0.823294 0.825 0 0.826931 0 0.823294 0 0 0 0 0.823294 0 0 0 0.823294 0.823294 0 0 0 0 0 0.825 0 0 0 0 0 0 0 0.823294 0 0 0 
C6H12                CHEMBL30940          Methylcyclopentane  
0 0.8167 0.822534 0.825921 0 0 0.8167 0 0 0 0 0 0.822534 0 0 0 0.82623 0 0.825921 0 0 0 0 0.827511 0 0 0.82623 0 0 0.825 0 0 0 0.827511 0.825 0 
C2H6O3S              CHEMBL313493         Methyl              
0 0.823294 0.830487 0.823294 0.823294 0 0.823294 0 0 0 0 0 0.830487 0 0 0 0 0 0.823294 0 0 0 0 0.823293 0.823294 0 0 0 0 0 0 0 0 0.823293 0 0 
C6H10                CHEMBL31747          Hexa-1,5-Diene      
0 0 0.823294 0 0.830487 0 0 0 0 0.823294 0 0.823294 0.823294 0 0 0 0 0 0 0.823294 0 0 0 0 0.830487 0 0 0 0 0.823294 0 0.823294 0 0 0.823294 0 
C3H8N2S              CHEMBL321691         2-Ethyl-Isothiourea 
0 0.825025 0 0 0 0 0.825025 0 0.824939 0 0 0 0 0.824939 0 0.825025 0 0 0 0 0.825025 0 0.825025 0.825 0 0 0 0.825025 0 0 0 0 0 0.825 0 0 
C2H5NO3              CHEMBL324774         2-Nitro-Ethanol     
0 0.830487 0.823294 0.825042 0 0 0.830487 0 0 0 0 0 0.823294 0 0 0 0 0.823294 0.825042 0 0 0 0 0 0 0 0 0 0 0.823294 0 0 0.823294 0 0.823294 0 
C4H11NO              CHEMBL327032                             
0 0 0.601026 0 0 0 0 0 0 0.601026 0 0 0.601026 0 0 0.597477 0.6 0 0 0.601026 0.597477 0 0 0 0 0 0.6 0 0 0.597477 0 0 0 0 0.597477 0 
C3H5NO2              CHEMBL328290                             
0 0.862047 0.85 0.823293 0 0 0.862047 0 0.862047 0 0 0 0.85 0.862047 0 0 0 0 0.823293 0 0 0 0.819166 0.825 0 0 0 0.819166 0 0 0 0 0 0.825 0 0 
C3H5BrN2             CHEMBL330406                             
0 0.821049 0.824382 0 0 0.825042 0.821049 0 0 0.827511 0 0 0.824382 0 0 0 0.828779 0 0 0.827511 0 0 0.825 0 0 0 0.828779 0.825 0 0 0.825042 0 0 0 0 0 
C3H6O3               CHEMBL330546         L-Lactic            
0 0.824939 0 0 0.825025 0.825 0.824939 0 0.825025 0.825 0 0 0 0.825025 0 0 0 0 0 0.825 0 0 0 0 0.825025 0 0 0 0 0 0.825 0 0 0 0 0 
C4H8N2               CHEMBL330591                             
0 0 0.821049 0.827511 0 0 0 0 0.824382 0 0.828779 0 0.821049 0.824382 0 0 0 0.825042 0.827511 0 0 0 0.825 0 0 0.828779 0 0.825 0 0 0 0 0.825042 0 0 0 
C4H10OS              CHEMBL332887                             
0 0 0 0.823293 0 0.823294 0 0 0 0.830487 0.823293 0 0 0 0 0 0.826932 0 0.823293 0.830487 0 0 0 0 0 0.823293 0.826932 0 0 0 0.823294 0 0 0 0 0 
C4H8OS               CHEMBL333298         3-Methylsulfanyl-Propionaldehyde
0 0.825 0 0 0 0 0.825 0 0 0.823294 0 0 0 0 0 0 0.823294 0.823294 0 0.823294 0 0 0.830487 0 0 0 0.823294 0.830487 0 0 0 0 0.823294 0 0 0 
C3H5NOS              CHEMBL338595         Thiazolidin-5-One   
0 0.82623 0 0.810932 0 0 0.82623 0 0 0 0.829234 0.8167 0 0 0 0.824382 0 0.828779 0.810932 0 0.824382 0 0 0 0 0.829234 0 0 0 0 0 0.8167 0.828779 0 0 0 
C2H6N2O2             CHEMBL339711         N-Methoxyurea       
0 0.825 0.823294 0.823294 0 0 0.825 0 0 0 0 0 0.823294 0 0 0 0.825 0 0.823294 0 0 0 0 0 0 0 0.825 0 0 0.823294 0 0 0 0 0.823294 0 
CH5O4P               CHEMBL344340         Phosphoric          
0 0.8208 0.825095 0.825095 0.825042 0 0.8208 0 0 0 0 0 0.825095 0 0 0 0 0 0.825095 0 0 0 0 0 0.825042 0 0 0 0 0.823294 0 0 0 0 0.823294 0 
C3H4N2S              CHEMBL344760         RP-2921             
0 0.824955 0 0 0.824967 0 0.824955 0 0.824955 0 0 0.825 0 0.824955 0 0.824967 0 0 0 0 0.824967 0 0.825 0 0.824967 0 0 0.825 0 0 0 0.825 0 0 0 0 
C3H3BrO2             CHEMBL34533          2-Bromo-Acrylic     
0 0.826152 0 0.824999 0.826238 0 0.826152 0 0.822602 0 0 0.825001 0 0.822602 0 0 0 0 0.824999 0 0 0 0 0 0.826238 0 0 0 0 0 0 0.825001 0 0 0 0 
C3H5Cl3              CHEMBL346933         1,2,3-Trichloropropane
0 0.6 0 0 0.604669 0.593849 0.6 0 0 0 0 0 0 0 0 0 0.601026 0 0 0 0 0 0 0.604669 0.604669 0 0.601026 0 0 0 0.593849 0 0 0.604669 0 0 
C4H8Cl2              CHEMBL346986         2,3-Dichloro-Butane 
0 0.604669 0.6 0 0.593849 0 0.604669 0 0 0.6 0 0.601026 0.6 0 0 0 0 0 0 0.6 0 0 0 0 0.593849 0 0 0 0 0 0 0.601026 0 0 0 0 
C2H5NO3              CHEMBL347862         Carboxymethoxylamine
0 0 0.825025 0.825025 0 0 0 0 0.824938 0 0 0 0.825025 0.824938 0 0 0 0 0.825025 0 0 0 0.825025 0.825 0 0 0 0.825025 0 0 0 0 0 0.825 0 0 
C5H11Cl              CHEMBL348039         1-Chloropentane     
0 0.825025 0 0 0 0 0.825025 0 0.825025 0 0 0 0 0.825025 0 0.825025 0 0 0 0 0.825025 0 0.824939 0 0 0 0 0.824939 0 0.825025 0 0 0 0 0.825025 0 
C4H10O2              CHEMBL348399                             
0 0.538081 0 0.6255 0.651803 0.727632 0.538081 0 0.738951 0 0 0 0 0.738951 0 0 0 0 0.6255 0 0 0 0 0 0.651803 0 0 0 0 0 0.727632 0 0 0 0 0 
C4H8BrCl             CHEMBL350215                             
0 0 0 0.601026 0 0 0 0 0.597477 0 0 0 0 0.597477 0 0 0.604669 0 0.601026 0 0 0 0 0.597477 0 0 0.604669 0 0 0.601026 0 0 0 0.597477 0.601026 0 
C4H12N2              CHEMBL350303                             
0 0.825 0.830487 0 0 0 0.825 0 0 0.830487 0 0 0.830487 0 0 0 0.823294 0 0 0.830487 0 0 0 0.823294 0 0 0.823294 0 0 0 0 0 0 0.823294 0 0 
C3H6N2O              CHEMBL351479         1-Nitroso-Azetidine 
0 0.600015 0.598566 0 0 0 0.600015 0 0 0 0.598078 0.601041 0.598566 0 0 0 0 0 0 0 0 0 0.601041 0.598078 0 0.598078 0 0.601041 0 0 0 0.601041 0 0.598078 0 0 
C4H8Cl2              CHEMBL352037         1,3-Dichloro-Butane 
0 0 0 0.6 0 0 0 0 0 0 0.597477 0 0 0 0 0.604669 0.601026 0 0.6 0 0.604669 0 0 0.593849 0 0.597477 0.601026 0 0 0 0 0 0 0.593849 0 0 
C4H9NO               CHEMBL352219         Isobutyramide       
0 0.825025 0 0 0.824939 0.825 0.825025 0 0.825025 0.825 0 0 0 0.825025 0 0 0 0 0 0.825 0 0 0 0 0.824939 0 0 0 0 0 0.825 0 0 0 0 0 
C3H4O3               CHEMBL35308          Oxirane-2-Carboxylic
0 0.825406 0.829242 0.823294 0 0 0.825406 0 0.816121 0 0 0 0.829242 0.816121 0 0 0 0 0.823294 0 0 0 0.825 0.823294 0 0 0 0.825 0 0 0 0 0 0.823294 0 0 
C6H14                CHEMBL357767         3-Methyl-Pentane    
0 0.601027 0.597477 0.6 0 0 0.601027 0 0 0 0 0.597477 0.597477 0 0 0 0.601027 0 0.6 0 0 0 0 0 0 0 0.601027 0 0 0 0 0.597477 0 0 0 0 
C3H6O2S              CHEMBL358697         Mercaptopropionic   
0 0.825025 0 0.824939 0 0 0.825025 0 0.825025 0 0 0.825 0 0.825025 0 0 0 0 0.824939 0 0 0 0.825025 0 0 0 0 0.825025 0 0 0 0.825 0 0 0 0 
C3H6O3               CHEMBL358850         Lactate             
0 0.825025 0 0.824939 0 0.825 0.825025 0 0.825025 0 0.825 0 0 0.825025 0 0 0 0 0.824939 0 0 0 0 0 0 0.825 0 0 0 0 0.825 0 0 0 0 0 
C3H6N2S              CHEMBL362148         Thiazolidin-(2E)-Ylideneamine
0 0.824955 0 0 0.824967 0 0.824955 0 0.825036 0 0 0.825 0 0.825036 0 0.824998 0 0 0 0 0.824998 0 0.825 0 0.824967 0 0 0.825 0 0 0 0.825 0 0 0 0 
C4H6O2               CHEMBL365809         2,3-Butanedione     
0 0.823294 0.825011 0 0.827483 0 0.823294 0 0 0.825 0 0.823294 0.825011 0 0 0 0 0 0 0.825 0 0 0 0 0.827483 0 0 0 0 0 0 0.823294 0 0 0 0 
C3H2S3               CHEMBL368700         Dithiolethione      
0 0.826655 0.822344 0 0 0.835715 0.826655 0 0 0 0.828817 0 0.822344 0 0 0.820895 0 0 0 0 0.820895 0 0.823757 0 0 0.828817 0 0.823757 0 0 0.835715 0 0 0 0 0 
C2H2FO2.Na           CHEMBL369611         Sodium              
0 0.6 0.597477 0 0 0.601026 0.6 0 0 0 0 0 0.597477 0 0 0 0 0 0 0 0 0 0 0 0 0 0 0 0 0.597477 0.601026 0 0 0 0.597477 0 
C2H8NO2P             CHEMBL37702                              
0 0.819167 0.826931 0.826996 0 0 0.819167 0 0 0 0.825406 0.825011 0.826931 0 0 0 0 0 0.826996 0 0 0 0 0 0 0.825406 0 0 0 0 0 0.825011 0 0 0 0 
CH6NO3P              CHEMBL41873          Ammonium-Methanephosphonic
0 0.821197 0.823293 0.825 0 0.826931 0.821197 0 0 0 0 0 0.823293 0 0 0 0.823294 0 0.825 0 0 0 0 0 0 0 0.823294 0 0 0 0.826931 0 0 0 0 0 
C5H13N               CHEMBL42003          3-Methyl-Butylamine 
0 0.824939 0 0 0 0 0.824939 0 0.825025 0.825 0 0 0 0.825025 0 0 0 0 0 0.825 0 0 0.825025 0 0 0 0 0.825025 0 0.825 0 0 0 0 0.825 0 
C5H11F               CHEMBL42434          1-Fluoro-Pentane    
0 0.830487 0 0 0 0 0.830487 0 0.823294 0 0 0 0 0.823294 0 0 0.823294 0 0 0 0 0 0.823294 0.823294 0 0 0.823294 0.823294 0 0 0 0 0 0.823294 0 0 
C5H7N                CHEMBL426643                             
0 0.824955 0.825036 0.825 0 0 0.824955 0 0 0 0.824967 0 0.825036 0 0 0 0 0.824998 0.825 0 0 0 0 0 0 0.824967 0 0 0 0.825 0 0 0.824998 0 0.825 0 
C3H4ClNS             CHEMBL43686          Thiazol-3-ium       
0 0.82623 0 0.8167 0 0 0.82623 0 0.818605 0 0 0 0 0.818605 0 0 0.819155 0 0.8167 0 0 0 0.816911 0 0 0 0.819155 0.816911 0 0 0 0 0 0 0 0 
C4H7NO               CHEMBL441027         1-Isocyanato-Propane
0 0.597477 0.601062 0 0 0 0.597477 0 0 0.604669 0 0 0.601062 0 0 0 0 0 0 0.604669 0 0 0.593849 0 0 0 0 0.593849 0 0.604669 0 0 0 0 0.604669 0 
C5H12O               CHEMBL44658          Amylene             
0 0.8249 0 0 0 0 0.8249 0 0.825 0 0.825 0.825 0 0.825 0 0.824051 0 0 0 0 0.824051 0 0 0 0 0.825 0 0 0 0 0 0.825 0 0 0 0 
C5H12O               CHEMBL45065          2-Pentanol          
0 0.824989 0 0 0 0 0.824989 0 0.824988 0 0 0.8253 0 0.824988 0 0.824989 0 0 0 0 0.824989 0 0.824902 0 0 0 0 0.824902 0 0 0 0.8253 0 0 0 0 
C5H10O               CHEMBL45315          Pentan-3-one        
0 0.6 0 0 0 0 0.6 0 0.597477 0.604669 0 0 0 0.597477 0 0 0 0.6 0 0.604669 0 0 0.593849 0 0 0 0 0.593849 0 0 0 0 0.6 0 0 0 
C5H10O               CHEMBL45345          Pentan-2-one        
0 0 0 0 0 0.824939 0 0 0.825025 0 0 0.825 0 0.825025 0 0.825 0.825025 0 0 0 0.825 0 0 0 0 0 0.825025 0 0 0 0.824939 0.825 0 0 0 0 
C4H12N2              CHEMBL46257          Putrescine          
0 0.824985 0 0 0 0.824986 0.824985 0 0.821435 0 0 0 0 0.821435 0 0.824985 0 0 0 0 0.824985 0 0.821349 0 0 0 0 0.821349 0 0 0.824986 0 0 0 0 0 
C5H12O               CHEMBL47100          3-Pentanol          
0 0.825 0 0 0 0 0.825 0 0.824051 0 0 0 0 0.824051 0 0.823964 0 0.825 0 0 0.823964 0 0.825 0 0 0 0 0.825 0 0 0 0 0.825 0 0 0 
C2H2Cl4              CHEMBL47258          1,1,2,2-Tetrachloroethane
0 0.6 0.601026 0.597477 0 0 0.6 0 0 0 0.597477 0.601026 0.601026 0 0 0 0 0 0.597477 0 0 0 0 0 0 0.597477 0 0 0 0 0 0.601026 0 0 0 0 
C4H7NO               CHEMBL49963          N-Cyclopropyl-Formamide
0 0.60883 0.60427 0 0.6 0 0.60883 0 0.600015 0 0 0 0.60427 0.600015 0 0 0 0 0 0 0 0 0.6083 0.603134 0.6 0 0 0.6083 0 0 0 0 0 0.603134 0 0 
C5H6O                CHEMBL52190          Cyclopent-2-Enone   
0 0.6 0.602589 0 0.604798 0 0.6 0 0 0.60351 0 0 0.602589 0 0 0 0 0 0 0.60351 0 0 0 0.596723 0.604798 0 0 0 0 0.60013 0 0 0 0.596723 0.60013 0 
C5H8O                CHEMBL53493                              
0 0.6 0 0.604669 0.593848 0 0.6 0 0 0 0 0.593848 0 0 0 0.597477 0 0 0.604669 0 0.597477 0 0 0 0.593848 0 0 0 0 0 0 0.593848 0 0 0 0 
C4H6N2               CHEMBL543            N-Methylimidazole   
0 0.825095 0 0 0.825014 0.825 0.825095 0 0.824998 0 0 0 0 0.824998 0 0.825 0 0 0 0 0.825 0 0.824967 0 0.825014 0 0 0.824967 0 0 0.825 0 0 0 0 0 
C4H6OS               CHEMBL56395                              
0 0.830183 0.825 0.813361 0 0 0.830183 0 0 0 0.827511 0 0.825 0 0 0 0 0 0.813361 0 0 0 0 0.82623 0 0.827511 0 0 0 0.825 0 0 0 0.82623 0.825 0 
C3H4N2O              CHEMBL56672          N-Cyanoacetamide    
0 0.824622 0.823653 0 0 0 0.824622 0 0 0 0 0 0.823653 0 0 0.823654 0 0 0 0 0.823654 0 0.823654 0.8253 0 0 0 0.823654 0 0 0 0 0 0.8253 0 0 
C4H7NO               CHEMBL58562          But-2-enoic         
0 0.823294 0.825 0 0.826931 0 0.823294 0 0 0.823294 0 0 0.825 0 0 0 0 0 0 0.823294 0 0 0 0.830487 0.826931 0 0 0 0 0 0 0 0 0.830487 0 0 
C3H3ClN2             CHEMBL64560                              
0 0.604798 0.60013 0 0 0.598269 0.604798 0 0 0.6042 0 0 0.60013 0 0 0 0.60013 0 0 0.6042 0 0 0.603509 0 0 0 0.60013 0.603509 0 0 0.598269 0 0 0 0 0 
C5H11N               CHEMBL665            N-Methyl            
0 0.6 0.593849 0.601026 0 0 0.6 0 0 0 0 0 0.593849 0 0 0 0 0.6 0.601026 0 0 0 0.6 0 0 0 0 0.6 0 1.0333 0 0 0.6 0 1.0333 0 
C3H7NO2              CHEMBL66693          D-Alanine           
0 0.825025 0 0 0 0 0.825025 0 0.825 0.824939 0 0 0 0.825 0 0 0 0 0 0.824939 0 0 0.825025 0.825 0 0 0 0.825025 0 0 0 0 0 0.825 0 0 
C4H12N2              CHEMBL70445                              
0 0 0.826931 0.823294 0 0 0 0 0 0 0.823294 0 0.826931 0 0 0 0.823294 0 0.823294 0 0 0 0 0.823294 0 0.823294 0.823294 0 0 0 0 0 0 0.823294 0 0 
C4H13NSi             CHEMBL76074                              
0 0.825 0 0.825042 0.825042 0.825 0.825 0 0.823294 0 0 0 0 0.823294 0 0 0 0 0.825042 0 0 0 0 0 0.825042 0 0 0 0 0 0.825 0 0 0 0 0 
CH6N4O               CHEMBL80352          N-Hydroxyhydrazinecarboximidamide
0 0.824988 0.824975 0.825029 0 0 0.824988 0 0 0 0 0 0.824975 0 0 0 0.825028 0 0.825029 0 0 0 0 0.824988 0 0 0.825028 0 0 0 0 0 0 0.824988 0 0 
C4H6N2               CHEMBL8123           Azetidine-1-Carbonitrile
0 0.607929 0.598772 0 0 0 0.607929 0 0 0 0 0 0.598772 0 0 0 0.597399 0.604843 0 0 0 0 0.596669 0.59595 0 0 0.597399 0.596669 0 0 0 0 0.604843 0.59595 0 0 
C3H4O2S              CHEMBL89684                              
0 0.862047 0.858299 0.823294 0 0 0.862047 0 0.866169 0 0 0 0.858299 0.866169 0 0 0 0 0.823294 0 0 0 0.817102 0.825 0 0 0 0.817102 0 0 0 0 0 0.825 0 0 
C4H6O2               CHEMBL9019           Acrylic             
0 0.605212 0.6 0 0.601687 0 0.605212 0 0 0.6 0 0 0.6 0 0 0 0 0 0 0.6 0 0 0 0 0.601687 0 0 0 0 0.60883 0 0 0 0 0.60883 0 
C4H6O2               CHEMBL95681          Gama-Butyrolactone  
0 0.824955 0 0.825062 0 0 0.824955 0 0.825 0 0 0.824955 0 0.825 0 0 0 0 0.825062 0 0 0 0.825 0 0 0 0 0.825 0 0.825062 0 0.824955 0 0 0.825062 0 
CH5NO3S              CHEMBL98328          N-Hydroxy-Methanesulfonamide
0 0.825042 0.825042 0.825042 0.825 0 0.825042 0 0 0 0 0.825406 0.825042 0 0 0 0 0 0.825042 0 0 0 0 0 0.825 0 0 0 0 0 0 0.825406 0 0 0 0 
C3H5FN2              CHEMBL98364                              
0 0.821049 0.824382 0 0 0.825042 0.821049 0 0 0.827511 0 0 0.824382 0 0 0 0.828779 0 0 0.827511 0 0 0.825 0 0 0 0.828779 0.825 0 0 0.825042 0 0 0 0 0 
C3H5ClN2             CHEMBL98381                              
0 0.821049 0.824382 0 0 0.825042 0.821049 0 0 0.827511 0 0 0.824382 0 0 0 0.828779 0 0 0.827511 0 0 0.825 0 0 0 0.828779 0.825 0 0 0.825042 0 0 0 0 0 
C4H8N2               CHEMBL99100                              
0 0 0.827511 0 0.821049 0.82623 0 0 0 0.828779 0.824382 0 0.827511 0 0 0.825 0 0 0 0.828779 0.825 0 0 0 0.821049 0.824382 0 0 0 0 0.82623 0 0 0 0 0 
