C5H13NS2             CHEMBL101771                             
0 0 0 0 0.879097 0 0 0 0 0 0 0 0 0.882743 0 0 0 0 0 0.8875 0 0 0 0 0 0 0.8875 0 0.879098 0 0.879098 0 0.879097 0 0 0.879098 0 0 0 0 0 0.882743 0 0 0 0 0 0.879097 0 0 0 0.879098 0 0 0 0.886306 0 0 0 0 0 0.879097 0.886306 0 
C4H10N2O2            CHEMBL102493                             
0 0.8333 0.830487 0.823294 0 0 0 0 0.8333 0 0 0 0 0 0 0 0.830487 0 0 0 0.823294 0.825 0 0 0.823294 0 0 0 0 0 0 0 0 0 0.823294 0 0 0 0 0 0 0 0.825 0 0 0 0 0.825406 0 0 0 0 0 0 0 0.8333 0 0 0 0 0 0.825406 0.8333 0 
C6H16NO              CHEMBL104898                             
0 0.825 0.8292 0.825011 0.833311 0 0 0 0.825 0 0 0 0 0 0.831103 0.830487 0.8292 0 0 0 0 0 0 0 0.825011 0 0 0 0 0 0 0 0.833311 0 0 0 0 0 0 0 0 0 0 0 0 0 0.8292 0 0 0.831103 0 0 0 0.8292 0 0 0 0.830487 0 0 0 0 0 0 
C7H15N               CHEMBL1049           Decarboxylated      
0 0.825025 0 0 0 0.824939 0.825 0 0.825025 0 0.825 0 0 0 0 0 0 0.825 0 0.825025 0 0 0 0 0 0 0.825025 0 0.824939 0 0 0 0 0 0 0.824939 0 0.825 0 0 0.824939 0 0 0 0.825 0 0 0 0.825 0 0 0 0 0 0 0.824939 0 0 0 0 0 0 0.824939 0 
C6H16NO              CHEMBL105536                             
0 0 0.8333 0.8292 0.825 0.825 0 0 0 0 0 0 0 0 0.825 0 0.8333 0 0 0 0 0 0.825406 0 0.8292 0 0 0 0 0 0 0.827483 0.825 0 0 0 0 0 0 0 0.825 0 0 0 0 0 0 0 0 0.825 0.825406 0 0 0 0 0 0 0 0 0.827483 0 0 0 0 
C5H10N2S             CHEMBL106322                             
0 0.825022 0 0 0 0.825022 0 0 0.825022 0 0.8239 0 0 0 0 0.821385 0 0.8239 0 0.825121 0 0 0 0 0 0 0.825121 0 0.825121 0 0 0 0 0 0 0.825121 0 0.8239 0 0 0.825022 0 0 0 0.8239 0 0.825022 0 0 0 0 0 0 0.825022 0 0 0 0.821385 0 0 0 0 0 0 
C6H16NO              CHEMBL107582                             
0 0.825 0 0.82501 0.825011 0.825 0 0 0.825 0 0 0 0 0 0.823294 0 0 0 0 0 0 0 0.825 0 0.82501 0 0 0 0 0 0 0 0.825011 0 0 0 0 0 0 0 0.825 0 0 0 0 0 0 0 0 0.823294 0.825 0 0 0 0 0.823294 0 0 0 0 0 0 0.823294 0 
C5H10N2O             CHEMBL108352                             
0 0.827803 0.822534 0.825 0 0 0 0 0.827803 0 0 0 0.82623 0 0 0 0.822534 0 0 0 0 0.830098 0 0 0.825 0 0 0 0 0 0 0 0 0.82623 0 0 0 0.825042 0 0 0 0 0.830098 0 0.825042 0 0.823449 0 0 0 0 0 0 0.823449 0 0.82588 0 0 0 0 0 0 0.82588 0 
C5H10N2O             CHEMBL108788                             
0 0.825921 0.825031 0.820842 0 0 0 0 0.825921 0 0 0 0.82623 0 0 0 0.825031 0 0 0 0 0.823515 0 0 0.820842 0 0 0 0 0 0 0 0 0.82623 0 0 0 0.825 0.827481 0 0 0 0.823515 0 0.825 0 0 0 0 0 0 0 0.827481 0 0 0.8223 0 0 0 0 0 0 0.8223 0 
C6H5ClO              CHEMBL108877         2-Chlorophenol      
0 0.825 0 0 0 0.825025 0.824939 0 0.825 0 0.825025 0 0 0 0 0 0 0.825025 0 0.825025 0 0 0 0 0 0 0.825025 0 0.825 0 0 0 0 0 0 0.825 0 0.825025 0 0 0.825025 0 0 0 0.825025 0 0 0.825 0.824939 0 0 0 0 0 0 0 0 0 0 0 0 0.825 0 0 
C4H10NO2P            CHEMBL109375         CGP-44530           
0 0.820784 0 0 0 0 0 0 0.820784 0 0.825023 0 0 0 0 0 0 0.825023 0 0.825034 0 0 0 0 0 0 0.825034 0 0.824923 0 0 0 0 0 0 0.824923 0 0.820901 0.825008 0.825038 0 0 0 0 0.820901 0 0 0 0 0 0 0 0.825008 0 0 0 0 0 0 0 0.825038 0 0 0 
C5H10N2O             CHEMBL110789                             
0 0.829234 0.82503 0 0 0.820811 0 0 0.829234 0 0 0.824969 0 0 0 0 0.82503 0 0 0 0.826115 0 0 0 0 0.824969 0 0 0.825 0 0.822534 0 0 0 0.826115 0.825 0 0 0 0.827803 0.820811 0 0 0 0 0 0 0 0 0 0 0.822534 0 0 0 0 0 0 0 0 0.827803 0 0 0 
C4H12NO2P            CHEMBL111675                             
0 0.825 0.823294 0.8167 0 0 0 0 0.825 0 0 0 0 0 0 0 0.823294 0 0 0 0.823293 0 0 0.816711 0.8167 0 0 0 0 0 0 0 0 0 0.823293 0 0 0 0.823293 0 0 0 0 0 0 0 0.826932 0 0 0 0 0 0.823293 0.826932 0 0 0 0 0.816711 0 0 0 0 0 
C4H12NO2P            CHEMBL111920                             
0 0.825 0.826931 0.816711 0 0 0 0 0.825 0 0 0 0 0 0 0 0.826931 0 0 0 0.823294 0 0 0 0.816711 0 0 0 0 0 0 0 0 0 0.823294 0 0 0 0.823294 0.825 0 0 0 0 0 0 0.830487 0 0 0 0 0 0.823294 0.830487 0 0 0 0 0 0 0.825 0 0 0 
C5H11NO2             CHEMBL11257                              
0 0.823294 0.8208 0 0.823294 0 0 0 0.823294 0 0 0.8292 0 0.826931 0 0 0.8208 0 0 0 0 0 0 0 0 0.8292 0 0 0 0 0 0 0.823294 0 0 0 0 0 0 0 0 0.826931 0 0 0 0 0.820842 0.830487 0 0 0 0 0 0.820842 0 0 0 0 0 0 0 0.830487 0 0 
C4H12NO2P            CHEMBL112710         CGP-35024           
0 0.824909 0 0.82502 0 0 0 0 0.824909 0 0.82502 0 0 0 0 0 0 0.82502 0 0 0 0 0 0 0.82502 0 0 0 0.824982 0 0 0 0 0 0 0.824982 0 0.822565 0.824996 0.824979 0 0 0 0 0.822565 0 0 0 0 0 0 0 0.824996 0 0 0 0 0 0 0 0.824979 0 0 0 
C3H10NO3P            CHEMBL113453                             
0 0.825083 0 0.82502 0 0 0 0.825001 0.825083 0 0.82507 0 0 0 0 0 0 0.82507 0 0 0 0 0 0 0.82502 0 0 0 0.825119 0 0 0 0 0 0 0.825119 0 0.82502 0.825101 0 0 0 0 0 0.82502 0 0 0 0 0 0 0 0.825101 0 0 0 0.825001 0 0 0 0 0 0 0 
C4H6O4               CHEMBL113716                             
0 0.827123 0 0.827057 0 0 0.832166 0 0.827123 0 0.80671 0 0 0.839829 0 0 0 0.80671 0 0 0.8361 0 0 0 0.827057 0 0 0 0.824621 0 0 0.833854 0 0 0.8361 0.824621 0 0 0 0 0 0.839829 0 0 0 0 0 0 0.832166 0 0 0 0 0 0 0 0 0 0 0.833854 0 0 0 0 
C4H12NO2P            CHEMBL113907                             
0 0.825 0.823294 0 0.8167 0 0 0 0.825 0 0 0 0 0 0 0 0.823294 0 0 0.823293 0 0 0 0 0 0 0.823293 0 0 0 0.823293 0 0.8167 0 0 0 0 0 0 0 0 0 0 0 0 0 0.826932 0 0 0 0 0.823293 0 0.826932 0 0.825 0 0 0 0 0 0 0.825 0 
C6H7NO               CHEMBL1142           4-Aminophenol       
0 0 0.825 0 0 0.825025 0 0 0 0 0 0 0.825 0.825025 0 0 0.825 0 0 0.825025 0 0 0 0 0 0 0.825025 0 0.825025 0 0 0.825 0 0.825 0 0.825025 0 0 0 0 0.825025 0.825025 0 0 0 0 0.825 0 0 0 0 0 0 0.825 0 0 0 0 0 0.825 0 0 0 0 
C4H10N2O2            CHEMBL11488                              
0 0.826932 0.825 0 0.823293 0 0 0 0.826932 0 0 0.825 0 0 0.823293 0 0.825 0 0 0 0 0 0 0 0 0.825 0 0 0 0 0 0 0.823293 0 0 0 0 0 0 0 0 0 0 0 0 0 0.823294 0.830487 0 0.823293 0 0 0 0.823294 0 0 0 0 0 0 0 0.830487 0 0 
C6H8O2               CHEMBL115179         Cyclopent-1-Enecarboxylic
0 0.6 0.601026 0 0.597477 0 0 0 0.6 0 0 0.60013 0 0.60013 0 0 0.601026 0 0 0 0 0 0 0 0 0.60013 0 0 0 0 0.604799 0 0.597477 0 0 0 0 0 0 0 0 0.60013 0 0 0 0 0 0.604799 0 0 0 0.604799 0 0 0 0.6 0 0 0 0 0 0.604799 0.6 0 
C6H5IO               CHEMBL115335         3-Iodophenol        
0 0.824973 0 0 0 0.824891 0.825322 0 0.824973 0 0.825326 0 0 0 0 0 0 0.825326 0 0.824976 0 0 0 0.825186 0 0 0.824976 0 0.824971 0 0 0 0 0 0 0.824971 0 0.825324 0 0 0.824891 0 0 0 0.825324 0 0 0 0.825322 0 0 0 0 0 0 0 0 0 0.825186 0 0 0 0 0 
C6H10O2              CHEMBL116268                             
0 0.601026 0.6 0 0.597477 0 0 0 0.601026 0 0 0.597477 0 0.6 0 0 0.6 0 0 0 0 0 0 0 0 0.597477 0 0 0 0 0.601026 0 0.597477 0 0 0 0 0 0 0 0 0.6 0 0 0 0 0 0 0 0 0 0.601026 0 0 0 0.597477 0 0 0 0 0 0 0.597477 0 
C2F6                 CHEMBL116574         1,1,1,2,2,2-Hexafluoro-Ethane
0 0.825 0.830487 0.823294 0.829911 0 0 0 0.825 0 0 0 0 0.830487 0.829911 0.816379 0.830487 0 0 0 0 0 0 0 0.823294 0 0 0 0 0 0 0 0.829911 0 0 0 0 0 0 0 0 0.830487 0 0 0 0 0 0 0 0.829911 0 0 0 0 0 0 0 0.816379 0 0 0 0 0 0 
C6H7NS               CHEMBL116835         2-Amino-Benzenethiol
0 0.830487 0.825 0 0.827484 0 0 0 0.830487 0 0 0.823294 0 0.8333 0 0 0.825 0 0 0 0 0 0 0 0 0.823294 0 0 0 0 0 0 0.827484 0 0 0 0 0 0 0.825 0 0.8333 0 0 0 0 0.830487 0 0 0 0 0 0 0.830487 0 0.823294 0 0 0 0 0.825 0 0.823294 0 
C5H10N2S             CHEMBL11693                              
0 0.827647 0.818007 0.825042 0 0 0 0 0.827647 0 0 0 0 0.824621 0 0 0.818007 0 0 0 0.832027 0 0 0 0.825042 0 0 0 0 0 0 0 0 0 0.832027 0 0 0 0.825852 0 0 0.824621 0 0 0 0 0 0.827742 0 0 0 0 0.825852 0 0 0.825094 0 0 0 0 0 0.827742 0.825094 0 
C4H9NO3              CHEMBL11722          Isothreonine        
0 0.825 0 0 0 0 0 0 0.825 0 0.825025 0.824939 0 0 0 0 0 0.825025 0 0 0.825025 0.825 0 0 0 0.824939 0 0 0 0 0.825025 0 0 0 0.825025 0 0 0 0 0 0 0 0.825 0 0 0 0 0 0 0 0 0.825025 0 0 0 0.825025 0 0 0 0 0 0 0.825025 0 
C5H11NO2             CHEMBL1182           2-(Trimethylammonio)Acetate
0 0 0 0 0.824974 0 0 0 0 0 0 0 0.8195 0 0 0 0 0 0 0.831 0 0.8195 0.8196 0.8224 0 0 0.831 0 0.824974 0 0 0 0.824974 0.8195 0 0.824974 0 0 0 0 0 0 0.8195 0 0 0 0 0 0 0 0.8196 0 0 0 0 0 0 0 0.8224 0 0 0 0 0 
C6H15NO              CHEMBL1183           Diethylaminoethanol 
0 0 0.543126 0.541764 0.541695 0 0 0 0 0 0 0 0 0.54677 0 0 0.543126 0 0 0 0 0.54677 0 0 0.541764 0 0 0 0 0 0.539575 0 0.541695 0 0 0 0 0 0 0.545816 0 0.54677 0.54677 0 0 0 0 0 0 0 0 0.539575 0 0 0 0 0 0 0 0 0.545816 0 0 0 
C5H13ClN.Cl          CHEMBL118539                             
0 0 0 0.600057 0.600058 0.600057 0.6 0 0 0 0 0 0 0 0 0 0 0 0 0 0 0 0 0.6 0.600057 0 0 0 0 0 0 0.604669 0.600058 0 0 0 0 0 0 0 0.600057 0 0 0 0 0 0 0 0.6 0 0 0 0 0 0 0 0 0 0.6 0.604669 0 0 0 0 
C7H8S                CHEMBL119359         4-Methyl-Benzenethiol
0 0.825011 0 0.827484 0.823293 0 0 0 0.825011 0 0 0 0 0 0 0 0 0 0 0 0 0.823293 0.823294 0.825 0.827484 0 0 0 0 0 0.825 0 0.823293 0 0 0 0 0.8333 0 0 0 0 0.823293 0 0.8333 0 0 0 0 0 0.823294 0.825 0 0 0 0 0 0 0.825 0 0 0 0 0 
C5H13NO2             CHEMBL119482                             
0 0.601026 0.597477 0.595201 0 0 0.591738 0 0.601026 0 0 0 0 0 0 0 0.597477 0 0 0 0.601026 0 0 0 0.595201 0 0 0 0 0.600015 0 0 0 0 0.601026 0 0 0 0 0 0 0 0 0.600015 0 0 0 0 0.591738 0 0 0 0 0 0 0.6 0 0 0 0 0 0 0.6 0 
C5H12N2O             CHEMBL11949          Tetramethyl-Urea    
0 0.830487 0.823294 0.825 0 0 0 0 0.830487 0 0 0 0.823294 0.825 0 0 0.823294 0 0 0 0 0 0.823294 0.825 0.825 0 0 0 0 0 0 0 0 0.823294 0 0 0 0 0 0 0 0.825 0 0 0 0 0 0 0 0 0.823294 0 0 0 0 0 0 0 0.825 0 0 0 0 0 
C5H10O2S             CHEMBL119603         3-Methylsulfanyl-Propionic
0 0.823294 0.825 0.826931 0 0 0 0 0.823294 0 0 0 0 0.830487 0 0 0.825 0 0 0 0 0 0 0 0.826931 0 0 0 0 0 0 0.823294 0 0 0 0 0 0.823294 0.823294 0 0 0.830487 0 0 0.823294 0 0 0 0 0 0 0 0.823294 0 0 0 0 0 0 0.823294 0 0 0 0 
C6H11NO              CHEMBL11982                              
0 0.83622 0 0.829627 0.833854 0 0 0 0.83622 0 0.8333 0 0 0.825406 0 0 0 0.8333 0 0 0 0 0 0 0.829627 0 0 0 0 0 0 0.831133 0.833854 0 0 0 0 0 0.83492 0 0 0.825406 0 0 0 0 0 0 0 0 0 0 0.83492 0 0 0.831103 0 0 0 0.831133 0 0 0.831103 0 
C6H5BrS              CHEMBL119957         2-Bromo-Benzenethiol
0 0.830487 0.825 0 0.827484 0 0 0 0.830487 0 0 0.823294 0 0.8333 0 0 0.825 0 0 0 0 0 0 0 0 0.823294 0 0 0 0 0 0 0.827484 0 0 0 0 0 0 0.825 0 0.8333 0 0 0 0 0.830487 0 0 0 0 0 0 0.830487 0 0.823294 0 0 0 0 0.825 0 0.823294 0 
C6H11NO              CHEMBL12011                              
0 0.815516 0 0.825 0.819167 0 0 0 0.815516 0 0.826931 0 0 0.825 0 0 0 0.826931 0 0 0 0 0 0 0.825 0 0 0 0 0 0 0 0.819167 0 0 0 0 0 0.825 0 0 0.825 0 0 0 0 0 0.82387 0 0 0 0 0.825 0 0 0.827484 0 0 0 0 0 0.82387 0.827484 0 
C3H3IN2O2            CHEMBL120421                             
0 0.827742 0.829234 0 0.822534 0 0 0 0.827742 0 0 0 0 0 0.819012 0.827742 0.829234 0 0 0 0 0.828779 0 0 0 0 0 0 0.82623 0.825 0 0 0.822534 0 0 0.82623 0 0 0 0 0 0 0.828779 0.825 0 0 0 0 0 0.819012 0 0 0 0 0 0 0 0.827742 0 0 0 0 0 0 
C2H6N4S2             CHEMBL120477         NSC-677543          
0 0 0.6 0 0.598085 0 0.604669 0 0 0 0 0.6 0 0.601026 0 0.597477 0.6 0 0 0.6 0 0 0 0 0 0.6 0.6 0 0 0 0 0 0.598085 0 0 0 0 0 0 0 0 0.601026 0 0 0 0 0 0 0.604669 0 0 0 0 0 0 0 0 0.597477 0 0 0 0 0 0 
C3H4N2O3             CHEMBL12205                              
0 0.60013 0.594358 0 0 0 0.604799 0 0.60013 0 0 0.60013 0.6 0 0 0 0.594358 0 0 0 0 0.600651 0 0 0 0.60013 0 0 0 0 0 0.604799 0 0.6 0 0 0 0 0 0 0 0 0.600651 0 0 0 0 0 0.604799 0 0 0 0 0 0 0.6 0 0 0 0.604799 0 0 0.6 0 
C5H12N2S             CHEMBL12214          Tetramethyl-Thiourea
0 0.825 0.830487 0.823294 0 0 0 0 0.825 0 0 0 0 0 0 0 0.830487 0 0 0 0.823294 0.825 0 0 0.823294 0 0 0 0 0 0.823294 0.825 0 0 0.823294 0 0 0 0 0 0 0 0.825 0 0 0 0 0 0 0 0 0.823294 0 0 0 0 0 0 0 0.825 0 0 0 0 
C6H11NO              CHEMBL12221                              
0 0.825 0 0.828779 0.822534 0 0 0 0.825 0 0.822534 0 0 0.82623 0 0 0 0.822534 0 0 0 0 0 0 0.828779 0 0 0 0 0 0.829234 0 0.822534 0 0 0 0 0 0 0.830015 0 0.82623 0 0 0 0 0.822534 0 0 0 0 0.829234 0 0.822534 0 0 0 0 0 0 0.830015 0 0 0 
C6H13NO              CHEMBL122581                             
0 0.543126 0.540226 0.540735 0 0 0 0 0.543126 0 0 0 0 0.54677 0 0 0.540226 0 0 0 0 0 0 0.545037 0.540735 0 0 0 0 0 0.54294 0 0 0 0 0 0 0.54677 0 0 0 0.54677 0 0 0.54677 0 0 0 0 0 0 0.54294 0 0 0 0.541093 0 0 0.545037 0 0 0 0.541093 0 
C5H10N2O             CHEMBL12319                              
0 0.823294 0.823294 0.825 0 0 0 0 0.823294 0 0 0 0.825 0.823294 0 0 0.823294 0 0 0 0 0 0 0.825 0.825 0 0 0 0 0 0 0 0 0.825 0 0 0 0 0.823294 0 0 0.823294 0 0 0 0 0 0 0 0 0 0 0.823294 0 0 0.823294 0 0 0.825 0 0 0 0.823294 0 
C5H10N2O             CHEMBL12338                              
0 0.722517 0.715349 0.716748 0 0 0 0 0.722517 0 0 0 0.725 0 0.722517 0 0.715349 0 0 0 0 0.725 0 0.722517 0.716748 0 0 0 0 0 0 0 0 0.725 0 0 0 1.2417 0 0 0 0 0.725 0 1.2417 0 0 0 0 0.722517 0 0 0 0 0 0 0 0 0.722517 0 0 0 0 0 
C7H17N               CHEMBL123693         Tuaminoheptane      
0 1.4292 0 0 0 0 0 0 1.4292 0 1.4316 0 0 0 1.42796 0 0 1.4316 0 0 1.42796 0 0 0 0 0 0 0 0 1.42796 0 1.4316 0 0 1.42796 0 0 1.43516 0 0 0 0 0 1.42796 1.43516 0 0 0 0 1.42796 0 0 0 0 0 0 0 0 0 1.4316 0 0 0 0 
C5H10N2O             CHEMBL12376                              
0 0.827647 0.818007 0.825042 0 0 0 0 0.827647 0 0 0 0 0.824621 0 0 0.818007 0 0 0 0.832027 0 0 0 0.825042 0 0 0 0 0 0 0 0 0 0.832027 0 0 0 0.825852 0 0 0.824621 0 0 0 0 0 0.827742 0 0 0 0 0.825852 0 0 0.825094 0 0 0 0 0 0.827742 0.825094 0 
C5H11Br2N            CHEMBL12384                              
0 0 0 0.830487 0.816121 0.825011 0 0 0 0 0 0 0 0 0 0.827886 0 0 0 0 0 0 0.827886 0 0.830487 0 0 0 0 0 0 0.825 0.816121 0 0 0 0 0 0.825 0 0.825011 0 0 0 0 0 0 0 0 0 0.827886 0 0.825 0 0 0 0 0.827886 0 0.825 0 0 0 0 
C4H6N2O2             CHEMBL125229         Piperazine-2,5-Dione
0 0 0 0.815516 0 0 0 0.819167 0 0 0.827484 0 0 0 0.82387 0 0 0.827484 0 0 0.826931 0 0 0.825 0.815516 0 0 0 0 0.822822 0.825 0 0 0 0.826931 0 0 0 0 0 0 0 0 0.822822 0 0 0 0 0 0.82387 0 0.825 0 0 0 0 0.819167 0 0.825 0 0 0 0 0 
C6H7NO               CHEMBL12607                              
0 0.815516 0.819167 0 0 0 0 0.825 0.815516 0 0 0.825 0.826931 0 0 0 0.819167 0 0 0 0 0.825 0 0 0 0.825 0 0 0 0 0.82387 0 0 0.826931 0 0 0 0 0 0 0 0 0.825 0 0 0 0.827484 0 0 0 0 0.82387 0 0.827484 0 0 0.825 0 0 0 0 0 0 0 
C4H4N2O2             CHEMBL128679                             
0 0.820949 0.821717 0 0.825262 0 0 0 0.820949 0 0 0.826655 0 0 0 0 0.821717 0 0 0 0 0 0.823843 0.827692 0 0.826655 0 0 0 0.818249 0 0 0.825262 0 0 0 0 0.826556 0 0 0 0 0 0.818249 0.826556 0 0 0 0 0 0.823843 0 0 0 0 0 0 0 0.827692 0 0 0 0 0 
C5H9NO2              CHEMBL131244         1-Amino-Cyclobutanecarboxylic
0 0 0.824982 0 0 0 0 0 0 0 0 0.825004 0 0 0 0 0.824982 0 0 0.824911 0.825052 0 0.824982 0 0 0.825004 0.824911 0 0 0 0 0.825004 0 0 0.825052 0 0 0.825052 0 0 0 0 0 0 0.825052 0 0.824981 0 0 0 0.824982 0 0 0.824981 0 0 0 0 0 0.825004 0 0 0 0 
C4H9N3O              CHEMBL1333           N-Mononitrosopiperazine
0 0.6 0 0 0.604669 0.593848 0 0 0.6 0 0 0.601026 0 0 0 0 0 0 0 0 0 0 0.593849 0.60467 0 0.601026 0 0 0 0 0 0 0.604669 0 0 0 0 0 0 0.6 0.593848 0 0 0 0 0 0.6 0 0 0 0.593849 0 0 0.6 0 0 0 0 0.60467 0 0.6 0 0 0 
C4H6N2OS             CHEMBL133628                             
0 0 0.599791 0 0.59894 0 0 0 0 0 0 0.600765 0.601505 0 0 0 0.599791 0 0 0.604669 0 0 0 0 0 0.600765 0.604669 0 0 0 0.593353 0 0.59894 0.601505 0 0 0 0.595448 0 0 0 0 0 0 0.595448 0 0 0 0 0 0 0.593353 0 0 0 0.600057 0 0 0 0 0 0 0.600057 0 
C3H4Cl2F2O           CHEMBL1341           Metofane            
0 0.827849 0 0 0 0 0 0 0.827849 0 0.827762 0 0 0 0 0 0 0.827762 0 0.818643 0.824239 0.825694 0 0 0 0 0.818643 0 0 0 0.8262 0.825752 0 0 0.824239 0 0 0 0 0 0 0 0.825694 0 0 0 0 0 0 0 0 0.8262 0 0 0 0 0 0 0 0.825752 0 0 0 0 
C6H7NO               CHEMBL134348                             
0 0.604669 0 0 0.593849 0 0 0 0.604669 0 0.6 0 0 0.601027 0 0 0 0.6 0 0.595982 0 0 0.604669 0 0 0 0.595982 0 0 0 0 0 0.593849 0 0 0 0 0 0 0.6 0 0.601027 0 0 0 0 0 0 0 0 0.604669 0 0 0 0 0.593849 0 0 0 0 0.6 0 0.593849 0 
C8H18                CHEMBL134886         Octane              
0 0.824939 0 0 0 0 0 0 0.824939 0 0.825075 0 0 0 0 0 0 0.825075 0 0.825025 0 0 0 0 0 0 0.825025 0 0.824939 0 0 0 0 0 0 0.824939 0 0.825025 0 0 0 0 0 0 0.825025 0 0.825025 0 0 0 0 0 0 0.825025 0 0.824939 0 0 0 0 0 0 0.824939 0 
C6H7NO               CHEMBL134979                             
0 0.593849 0.604669 0 0 0 0 0 0.593849 0 0 0 0.6 0 0 0.604669 0.604669 0 0 0.6 0 0 0 0 0 0 0.6 0 0 0.604669 0.595982 0 0 0.6 0 0 0 0.593849 0 0 0 0 0 0.604669 0.593849 0 0 0 0 0 0 0.595982 0 0 0 0 0 0.604669 0 0 0 0 0 0 
C7H16N               CHEMBL135086                             
0 0 0 0.827483 0.816742 0.834641 0.823294 0 0 0 0.822822 0 0 0 0 0.821783 0 0.822822 0 0 0 0 0 0 0.827483 0 0 0 0 0 0 0.820767 0.816742 0 0 0 0 0 0 0 0.834641 0 0 0 0 0 0 0 0.823294 0 0 0 0 0 0 0 0 0.821783 0 0.820767 0 0 0 0 
C3H3N3O2             CHEMBL135599                             
0 0.60879 0.592927 0 0.604798 0 0 0 0.60879 0 0 0 0 0 0.598174 0.611479 0.592927 0 0 0 0 0.592927 0 0 0 0 0 0 0.6 0.604798 0 0 0.604798 0 0 0.6 0 0 0 0 0 0 0.592927 0.604798 0 0 0 0 0 0.598174 0 0 0 0 0 0 0 0.611479 0 0 0 0 0 0 
C5H8N2S              CHEMBL136263                             
0 0.828407 0.829234 0 0 0.825011 0 0 0.828407 0 0 0 0.826115 0 0.823515 0 0.829234 0 0 0.82623 0 0 0 0 0 0 0.82623 0 0.825 0 0 0 0 0.826115 0 0.825 0 0 0 0 0.825011 0 0 0 0 0 0 0.821197 0 0.823515 0 0 0 0 0 0 0 0 0 0 0 0.821197 0 0 
C6H11NO              CHEMBL137035         Cyclohexanone       
0 0.826931 0.8292 0 0 0 0 0 0.826931 0 0 0.823294 0.825 0 0 0 0.8292 0 0 0 0 0 0 0 0 0.823294 0 0 0 0 0.830487 0 0 0.825 0 0 0 0.823294 0 0 0 0 0 0 0.823294 0 0 0.830487 0 0 0 0.830487 0 0 0 0.825 0 0 0 0 0 0.830487 0.825 0 
C7H9N                CHEMBL1381           O-Toluidine(1%)     
0 0.823294 0.825 0 0.823294 0 0 0 0.823294 0 0 0.823294 0 0.825 0 0 0.825 0 0 0 0 0 0 0 0 0.823294 0 0 0 0 0 0 0.823294 0 0 0 0 0 0 0.825 0 0.825 0 0 0 0 0.823294 0 0 0 0 0 0 0.823294 0 0.823294 0 0 0 0 0.825 0 0.823294 0 
C6H15BrN             CHEMBL139684                             
0 0 0 0.827483 0.834641 0.816742 0.823294 0 0 0 0 0 0 0 0 0.822822 0 0 0 0.820767 0 0 0 0.821783 0.827483 0 0.820767 0 0 0 0 0 0.834641 0 0 0 0 0 0 0 0.816742 0 0 0 0 0 0 0 0.823294 0 0 0 0 0 0 0 0 0.822822 0.821783 0 0 0 0 0 
C4H9BO3              CHEMBL140723         (3R)-Tetrahydrofuran
0 1.04587 0 0 1.04911 1.03569 0 0 1.04587 0 0 1.03944 0 0 1.04345 0 0 0 0 0 0 0 1.04093 1.04581 0 1.03944 0 0 0 0 0 1.04368 1.04911 0 0 0 0 0 0 0 1.03569 0 0 0 0 0 0 0 0 1.04345 1.04093 0 0 0 0 0 0 0 1.04581 1.04368 0 0 0 0 
C4H5BO2S             CHEMBL141272         2-Thiopheneboronicacid
0 0.824943 0 0 0.825061 0 0 0 0.824943 0 0.82492 0 0 0 0 0 0 0.82492 0 0.824974 0 0 0 0 0 0 0.824974 0 0.8249 0.825285 0 0 0.825061 0 0 0.8249 0 0 0 0 0 0 0 0.825285 0 0 0.825052 0.825129 0 0 0 0 0 0.825052 0 0 0 0 0 0 0 0.825129 0 0 
C4H5F3O              CHEMBL141446         Fluoromar           
0 0 0.598085 0.6 0.595317 0 0.602596 0 0 0 0 0 0 0.593849 0 0.598566 0.598085 0 0 0 0 0 0 0 0.6 0 0 0 0 0 0 0 0.595317 0 0 0 0 0 0 0 0 0.593849 0 0 0 0 0 0 0.602596 0 0 0 0 0 0 0.593849 0 0.598566 0 0 0 0 0.593849 0 
C6H12O2              CHEMBL14184          Caproic             
0 0.825025 0 0.825025 0 0 0 0 0.825025 0 0.824939 0 0 0 0 0.825 0 0.824939 0 0 0 0 0 0 0.825025 0 0 0 0.824939 0 0 0 0 0 0 0.824939 0 0.825025 0 0 0 0 0 0 0.825025 0 0.825025 0 0 0 0 0 0 0.825025 0 0 0 0.825 0 0 0 0 0 0 
C4H5BO3              CHEMBL142083         2-Furan             
0 1.04581 1.03758 1.04043 0 0 0 0 1.04581 0 0 0 0 0 1.04556 1.04291 1.03758 0 0 0 1.04223 0 0 0 1.04043 0 0 0 0 1.03977 0 0 0 0 1.04223 0 0 1.04173 0 0 0 0 0 1.03977 1.04173 0 0 0 0 1.04556 0 0 0 0 0 0 0 1.04291 0 0 0 0 0 0 
C4H9BO3              CHEMBL143927         (3S)-Tetrahydrofuran
0 1.04587 0 0 1.04911 1.03569 0 0 1.04587 0 0 1.03944 0 0 1.04345 0 0 0 0 0 0 0 1.04093 1.04581 0 1.03944 0 0 0 0 0 1.04368 1.04911 0 0 0 0 0 0 0 1.03569 0 0 0 0 0 0 0 0 1.04345 1.04093 0 0 0 0 0 0 0 1.04581 1.04368 0 0 0 0 
C3H9O4P              CHEMBL144328         Propyl              
0 0.825 0.825011 0.825011 0.825042 0 0 0 0.825 0 0 0 0 0 0 0 0.825011 0 0 0 0 0 0 0 0.825011 0 0 0 0 0 0 0 0.825042 0 0 0 0 0.823294 0 0 0 0 0 0 0.823294 0 0.819167 0 0 0 0 0 0 0.819167 0 0.823293 0 0 0 0 0 0 0.823293 0 
C2H7O5P              CHEMBL144651                             
0 0.825 0.82501 0.825011 0.816711 0 0 0 0.825 0 0 0 0 0 0 0 0.82501 0 0 0 0 0.823294 0 0 0.825011 0 0 0 0 0 0 0 0.816711 0 0 0 0 0 0 0 0 0 0.823294 0 0 0 0 0.821198 0 0 0 0 0 0 0 0.826931 0 0 0 0 0 0.821198 0.826931 0 
C3H9O4P              CHEMBL144888         Phosphoric          
0 0.825 0.825 0.825 0 0 0 0.825 0.825 0 0 0 0 0 0 0 0.825 0 0 0 0 0 0 0 0.825 0 0 0 0.825025 0 0 0 0 0 0 0.825025 0 0.825 0.824938 0 0 0 0 0 0.825 0 0 0 0 0 0 0 0.824938 0 0 0 0.825 0 0 0 0 0 0 0 
C4H5N3O              CHEMBL146428         Imexon              
0 0.8292 0.825863 0 0 0.826931 0 0 0.8292 0 0 0 0.823683 0.829034 0 0 0.825863 0 0 0.823294 0 0 0 0.824053 0 0 0.823294 0 0.6875 0 0 0 0 0.823683 0 0.6875 0 0 0.819606 0 0.826931 0.829034 0 0 0 0 0 0 0 0 0 0 0.819606 0 0 0 0 0 0.824053 0 0 0 0 0 
C5H8O3               CHEMBL146554         2-Oxoisovalerate    
0 0.824938 0 0 0 0 0 0 0.824938 0 0.825 0.825025 0 0 0 0 0 0.825 0 0 0 0 0 0 0 0.825025 0 0 0.825025 0 0 0.825 0 0 0 0.825025 0 0.825025 0.825 0 0 0 0 0 0.825025 0 0 0 0 0 0 0 0.825 0 0 0 0 0 0 0.825 0 0 0 0 
C4H5N3O              CHEMBL146639                             
0 0.823294 0.823294 0.825 0 0 0 0 0.823294 0 0.825 0 0.834135 0 0 0 0.823294 0.825 0 0 0 0 0 0 0.825 0 0 0 0 0 0.823294 0.826931 0 0.834135 0 0 0 0.83622 0 0 0 0 0 0 0.83622 0 0 0 0 0 0 0.823294 0 0 0 0 0 0 0 0.826931 0 0 0 0 
C2H8NO4P             CHEMBL146972                             
0 0.825 0 0 0 0.825025 0 0 0.825 0 0 0 0 0 0.825025 0 0 0 0 0 0 0 0 0.825 0 0 0 0 0 0 0 0.825 0 0 0 0 0 0 0 0.825 0.825025 0 0 0 0 0 0 0.825 0 0.825025 0 0 0 0 0 0 0 0 0.825 0.825 0.825 0.825 0 0 
C5H14NS.I            CHEMBL147699                             
0 0 0 0.601026 0.595201 0.601687 0.6 0 0 0 0 0 0 0 0 0 0 0 0 0 0 0 0 0.604669 0.601026 0 0 0 0 0 0 0.597477 0.595201 0 0 0 0 0 0 0 0.601687 0 0 0 0 0 0 0 0.6 0 0 0 0 0 0 0 0 0 0.604669 0.597477 0 0 0 0 
C4H8O4               CHEMBL147714                             
0 1.1964 1.2042 1.50083 0 0 0 0 1.1964 0 0 0 0 0 0 0 1.2042 0 0 0 0 0 0 0 1.50083 0 0 0 0 1.50083 0 0 0 0 0 0 0 0 1.20005 0 0 0 0 1.50083 0 0 0 1.50083 0 0 0 0 1.20005 0 0 1.50083 0 0 0 0 0 1.50083 1.50083 0 
C5H7NS2              CHEMBL148762         Piperidine-2,6-Dithione
0 0.815516 0.819166 0 0 0 0 0 0.815516 0 0 0.825002 0 0.825 0 0 0.819166 0 0 0 0.819167 0 0.825 0 0 0.825002 0 0 0 0 0 0 0 0 0.819167 0 0 0 0 0 0 0.825 0 0 0 0 0 0.82387 0 0 0.825 0 0 0 0 0.827483 0 0 0 0 0 0.82387 0.827483 0 
C3H9NO3S             CHEMBL149082         NC-758              
0 0.830942 0.817868 0.831704 0.832581 0 0 0 0.830942 0 0 0 0 0 0 0 0.817868 0 0 0 0 0 0 0 0.831704 0 0 0 0 0 0 0 0.832581 0 0 0 0 0 0.825406 0 0 0 0 0 0 0 0 0.823294 0 0 0 0 0.825406 0 0 0.823294 0 0 0 0 0 0.823294 0.823294 0 
C3H9NO3S             CHEMBL153718         Sulfamic            
0 0.829714 0.833675 0.825379 0.838009 0 0 0 0.829714 0 0 0 0 0 0 0 0.833675 0 0 0 0 0 0 0 0.825379 0 0 0 0 0.829388 0 0 0.838009 0 0 0 0 0 0 0 0 0 0 0.829388 0 0 0.825379 0.825473 0 0 0 0 0 0.825379 0 0 0 0 0 0 0 0.825473 0 0 
C3H8NO3P             CHEMBL154711                             
0 0.826931 0.825 0 0.823294 0.826996 0 0 0.826931 0 0 0.823294 0 0 0 0.825 0.825 0 0 0 0 0 0 0 0 0.823294 0 0 0 0 0.823294 0 0.823294 0 0 0 0 0 0 0 0.826996 0 0 0 0 0 0 0 0 0 0 0.823294 0 0 0 0 0 0.825 0 0 0 0 0 0 
C5H8N2S              CHEMBL155328                             
0 0.825921 0 0.827511 0 0 0 0 0.825921 0 0 0 0.829234 0.825042 0 0 0 0 0 0.825 0.828779 0 0 0 0.827511 0 0.825 0 0 0 0 0 0 0.829234 0.828779 0 0 0 0 0 0 0.825042 0 0 0 0 0 0.830487 0 0 0 0 0 0 0 0.825042 0 0 0 0 0 0.830487 0.825042 0 
C4H8Cl2Se2           CHEMBL155637         Di-[Bis             
0 0.827483 0.821197 0 0 0 0 0 0.827483 0 0 0.830487 0 0 0 0 0.821197 0 0 0 0 0 0 0.826931 0 0.830487 0 0 0 0 0.826931 0 0 0 0 0 0 0 0 0.823294 0 0 0 0 0 0 0.817102 0 0 0 0 0.826931 0 0.817102 0 0 0 0 0.826931 0 0.823294 0 0 0 
C4H8N2O2             CHEMBL156306                             
0 0.60013 0 0.604798 0 0 0.604798 0 0.60013 0 0.60013 0 0 0.6 0 0 0 0.60013 0 0 0.604798 0 0 0 0.604798 0 0 0 0.6 0 0 0.600015 0 0 0.604798 0.6 0 0 0 0 0 0.6 0 0 0 0 0 0 0.604798 0 0 0 0 0 0 0 0 0 0 0.600015 0 0 0 0 
C5H8O3               CHEMBL157691         2,3,5-Trioxa-Bicyclo[2.2.2]Octane
0 0.826931 0 0.825042 0 0 0 0 0.826931 0 0 0 0.829294 0 0 0 0 0 0 0.827742 0 0.825406 0 0 0.825042 0 0.827742 0 0 0 0.966469 0 0 0.829294 0 0 0 0.827742 0 0.821913 0 0 0.825406 0 0.827742 0 0 0 0 0 0 0.966469 0 0 0 0.825002 0 0 0 0 0.821913 0 0.825002 0 
C4H6N2O2             CHEMBL158019                             
0 0.60013 0.604798 0 0 0 0 0 0.60013 0 0 0.60013 0 0.6 0 0 0.604798 0 0 0 0.6 0 0.596724 0 0 0.60013 0 0 0.604798 0 0 0 0 0 0.6 0.604798 0 0 0 0.596724 0 0.6 0 0 0 0 0 0 0 0 0.596724 0 0 0 0 0 0 0 0 0 0.596724 0 0 0 
C7H5N                CHEMBL15819          Benzonitrile        
0 0.826801 0 0 0 0.822392 0.824615 0 0.826801 0 0.824988 0 0 0 0 0 0 0.824988 0 0.826661 0 0 0 0 0 0 0.826661 0 0.830105 0 0 0 0 0 0 0.830105 0 0.823665 0 0 0.822392 0 0 0 0.823665 0 0 0 0.824615 0 0 0 0 0 0 0.827055 0 0 0 0 0 0 0.827055 0 
C6H6ClN              CHEMBL15888          4-Chloro-Phenylamine
0 0 0.8251 0 0 0 0 0 0 0 0 0.825 0 0 0 0 0.8251 0 0 0 0.823553 0.826411 0 0 0 0.825 0 0 0 0 0.823553 0.826411 0 0 0.823553 0 0 0 0.825 0 0 0 0.826411 0 0 0 0 0.825 0 0 0 0.823553 0.825 0 0 0 0 0 0 0.826411 0 0.825 0 0 
C4H5N3O              CHEMBL15913                              
0 0.825 0.826844 0 0 0 0 0 0.825 0 0 0 0.826844 0 0.823294 0 0.826844 0 0 0.823294 0 0 0 0.825 0 0 0.823294 0 0 0.825 0 0 0 0.826844 0 0 0 0.823294 0 0 0 0 0 0.825 0.823294 0 0 0 0 0.823294 0 0 0 0 0 0 0 0 0.825 0 0 0 0 0 
C7H6O                CHEMBL15972          Benzaldehyde        
0 0.825025 0.825 0 0 0 0 0 0.825025 0 0 0 0 0 0 0 0.825 0 0 0.825075 0 0 0 0.825025 0 0 0.825075 0 0.825 0 0 0 0 0 0 0.825 0 0.825025 0 0 0 0 0 0 0.825025 0 0.825075 0 0 0 0 0 0 0.825075 0 0.825 0 0 0.825025 0 0 0 0.825 0 
C2Cl6                CHEMBL160929         Hexachloroethane    
0 0.6 0 0 0.597477 0.601026 0 0.887588 0.6 0 0.601026 0.597477 0 0 0.737606 0 0 0.601026 0 0 0 0 0 0 0 0.597477 0 0 0 0 0 0 0.597477 0 0 0 0 0 0 0 0.601026 0 0 0 0 0 0 0 0 0.737606 0 0 0 0 0 0 0.887588 0 0 0 0 0 0 0 
C7H12O               CHEMBL161547                             
0 0.830487 0 0 0.823294 0 0 0 0.830487 0 0 0 0 0 0 0 0 0 0 0.821197 0 0.825 0.823294 0.825002 0 0 0.821197 0 0.826931 0 0 0 0.823294 0 0 0.826931 0 0 0 0 0 0 0.825 0 0 0 0 0 0 0 0.823294 0 0 0 0 0 0 0 0.825002 0 0 0 0 0 
C5H9NS2              CHEMBL163500                             
0 0.6 0.593408 0.602277 0 0 0 0 0.6 0 0 0 0.597477 0 0 0 0.593408 0 0 0 0 0 0.60013 0 0.602277 0 0 0 0 0 0 0.6 0 0.597477 0 0 0 0.6 0 0 0 0 0 0 0.6 0 0 0 0 0 0.60013 0 0 0 0 0.604798 0 0 0 0.6 0 0 0.604798 0 
C4H10N2O2            CHEMBL164554                             
0 0.6083 0.601026 0 0 0 0 0 0.6083 0 0 0.601026 0 0.597477 0 0 0.601026 0 0 0 0 0 0 0 0 0.601026 0 0 0.595379 0 0 0 0 0 0 0.595379 0 0 0.60467 0 0 0.597477 0 0 0 0 0 0.602597 0 0 0 0 0.60467 0 0 0 0 0 0 0 0 0.602597 0 0 
C5H4O2S              CHEMBL164585         Thiophene-3-Carboxylic
0 0.821679 0 0.829532 0.82627 0 0 0 0.821679 0 0 0 0 0 0.826514 0.823635 0 0 0 0.824448 0 0.821679 0 0 0.829532 0 0.824448 0 0 0 0 0 0.82627 0 0 0 0 0.819723 0 0 0 0 0.821679 0 0.819723 0 0 0 0 0.826514 0 0 0 0 0 0 0 0.823635 0 0 0 0 0 0 
C4H10N2O2            CHEMBL164990                             
0 0.6042 0.597477 0 0 0 0 0 0.6042 0 0 0.604669 0.604669 0 0 0 0.597477 0 0 0 0 0 0 0 0 0.604669 0 0 0 0.599597 0 0 0 0.604669 0 0 0 0 0.601026 0 0 0 0 0.599597 0 0 0 0.596927 0 0 0 0 0.601026 0 0 0 0 0 0 0 0 0.596927 0 0 
C4H8N2O2             CHEMBL165203         3-Nitroso-[1,3]Oxazinane
0 0.6042 0.602597 0 0 0.602597 0 0 0.6042 0 0 0.601688 0 0 0 0 0.602597 0 0 0 0.604257 0 0 0 0 0.601688 0 0 0 0 0 0 0 0 0.604257 0 0 0 0 0.597477 0.602597 0 0 0 0 0 0.6042 0 0 0 0 0 0 0.6042 0 0.60467 0 0 0 0 0.597477 0 0.60467 0 
C5H8N2O              CHEMBL165213                             
0 0.6 0.604669 0 0 0 0 0 0.6 0 0 0 0 0.593849 0.60467 0 0.604669 0 0 0 0 0 0 0 0 0 0 0 0.593848 0.6 0 0 0 0 0 0.593848 0 0 0 0.604669 0 0.593849 0 0.6 0 0 0 0 0 0.60467 0 0 0 0 0 0.6 0 0 0 0 0.604669 0 0.6 0 
C5H10N2O             CHEMBL165244         1-Nitroso-Piperidine
0 0.6 0.604669 0 0 0 0 0 0.6 0 0 0.604669 0.593849 0 0 0 0.604669 0 0 0 0 0 0 0 0 0.604669 0 0 0 0 0.6 0 0 0.593849 0 0 0 0.6 0 0 0 0 0 0 0.6 0 0 0.593849 0 0 0 0.6 0 0 0 0.60467 0 0 0 0 0 0.593849 0.60467 0 
C4H8N2O2             CHEMBL165908         4-Nitroso-Morpholine
0 0.6 0 0 0.597477 0.593849 0 0 0.6 0 0.601687 0 0 0 0 0 0 0.601687 0 0 0 0 0 0 0 0 0 0 0 0 0.589699 0.593353 0.597477 0 0 0 0 0 0 0.6 0.593849 0 0 0 0 0 0.6 0 0 0 0 0.589699 0 0.6 0 0 0 0 0 0.593353 0.6 0 0 0 
C4H10N2O2            CHEMBL165916         2-[Ethyl(Nitroso)Amino]Ethanol
0 0.597477 0.6 0 0 0 0 0 0.597477 0 0 0 0 0 0 0 0.6 0 0 0.601026 0 0 0.597477 0 0 0 0.601026 0 0 0.604669 0 0 0 0 0 0 0 0.593848 0 0 0 0 0 0.604669 0.593848 0 0 0 0 0 0.597477 0 0 0 0 0.604669 0 0 0 0 0 0 0.604669 0 
C4H6N2O2             CHEMBL166180                             
0 0.6 0.597477 0 0 0 0.601026 0 0.6 0 0 0.597477 0 0 0 0 0.597477 0 0 0 0 0 0 0.6 0 0.597477 0 0 0 0 0 0 0 0 0 0 0 0.595982 0.5958 0 0 0 0 0 0.595982 0 0 0.604669 0.601026 0 0 0 0.5958 0 0 0 0 0 0.6 0 0 0.604669 0 0 
C7H8O                CHEMBL16645          4-Methylphenol      
0 0.825 0 0 0 0 0 0 0.825 0 0.825025 0 0.825025 0 0 0 0 0.825025 0 0.825 0 0 0 0 0 0 0.825 0 0 0 0.825025 0 0 0.825025 0 0 0 0.825 0 0 0 0 0 0 0.825 0 0.825025 0 0 0 0 0.825025 0 0.825025 0 0.825 0 0 0 0 0 0 0.825 0 
C4H8N2OS             CHEMBL166925         4-Nitroso-Thiomorpholine
0 0.6 0 0 0.604669 0.593849 0 0 0.6 0 0 0.60883 0 0 0 0 0 0 0 0 0 0 0.593849 0.604669 0 0.60883 0 0 0 0 0 0 0.604669 0 0 0 0 0 0 0.6 0.593849 0 0 0 0 0 0.6 0 0 0 0.593849 0 0 0.6 0 0 0 0 0.604669 0 0.6 0 0 0 
C4H7Cl2NO            CHEMBL16693                              
0 0.596393 0.601041 0 0 0.597521 0 0 0.596393 0 0 0 0 0 0 0 0.601041 0 0 0 0 0 0.601933 0 0 0 0 0 0 0.601041 0 0 0 0 0 0 0 0 0 0.593848 0.597521 0 0 0.601041 0 0 0 0 0 0 0.601933 0 0 0 0 0.598694 0 0 0 0 0.593848 0 0.598694 0 
C4H7NO2S             CHEMBL167567                             
0 0.879098 0 0.8875 0 0 0.879098 0 0.879098 0 0.879098 0 0 0 0 0 0 0.879098 0 0 0.886306 0 0 0 0.8875 0 0 0 0 0 0 0 0 0 0.886306 0 0 0 0 0 0 0 0 0 0 0 0.882743 0.886306 0.879098 0 0 0 0 0.882743 0 0 0 0 0 0 0 0.886306 0 0 
C3H7N3O2             CHEMBL167667                             
0 0.593849 0.604669 0 0 0 0.6 0 0.593849 0 0 0.604669 0 0.6 0 0 0.604669 0 0 0 0.6 0 0 0 0 0.604669 0 0 0 0 0 0 0 0 0.6 0 0 0 0 0 0 0.6 0 0 0 0 0 0 0.6 0 0 0 0 0 0 0.604669 0 0 0 0 0 0 0.604669 0 
C5H12N2O             CHEMBL167944                             
0 0.6 0.597477 0 0 0 0 0 0.6 0 0 0.593849 0.597477 0 0 0 0.597477 0 0 0 0 0 0 0 0 0.593849 0 0 0 0.601026 0.6 0 0 0.597477 0 0 0 0 0 0.604669 0 0 0 0.601026 0 0 0 0 0 0 0 0.6 0 0 0 0 0 0 0 0 0.604669 0 0 0 
C5H10O3              CHEMBL169219         4-Hydroxy-Pentanoic 
0 0.825 0.823294 0.826931 0 0 0 0 0.825 0 0 0 0 0 0 0 0.823294 0 0 0 0.830487 0 0 0 0.826931 0 0 0 0 0 0 0 0 0 0.830487 0 0 0 0.823294 0 0 0 0 0 0 0 0.823294 0 0 0 0 0 0.823294 0.823294 0 0.825 0 0 0 0 0 0 0.825 0 
C3H7BrO3S            CHEMBL16990          Methanesulfonic     
0 0.6 0.6 0.6 0.6 0 0 0 0.6 0 0 0 0 0 0 0 0.6 0 0 0 0 0 0 0 0.6 0 0 0 0 0.601026 0 0 0.6 0 0 0 0 0 0 0 0 0 0 0.601026 0 0 0 0.6 0 0 0 0 0 0 0 0.597477 0 0 0 0 0 0.6 0.597477 0 
C5H10O3              CHEMBL170070                             
0 0.825 0.823294 0.826931 0 0 0 0 0.825 0 0 0 0 0 0 0 0.823294 0 0 0 0 0.830487 0.825 0 0.826931 0 0 0 0 0 0 0 0 0 0 0 0 0 0 0.823294 0 0 0.830487 0 0 0 0 0.823294 0 0 0.825 0 0 0 0 0 0 0 0 0 0.823294 0.823294 0 0 
C6H14OS              CHEMBL170078                             
0 0.833548 0.832593 0 0.830729 0 0 0 0.833548 0 0 0 0 0 0 0 0.832593 0 0 0.830387 0 0 0 0 0 0 0.830387 0 0 0.82569 0 0 0.830729 0 0 0 0 0 0 0 0 0 0 0.82569 0 0 0.823502 0.831738 0 0 0 0 0 0.823502 0 0 0 0 0 0 0 0.831738 0 0 
C6H13NO              CHEMBL170283         3,3-Dimethylbutanamide
0 0.824975 0 0 0 0.825 0.824802 0.831361 0.824975 0 0.824975 0 0 0 0 0 0 0.824975 0 0.824889 0.825 0 0 0 0 0 0.824889 0 0 0 0 0 0 0 0.825 0 0 0 0 0 0.825 0 0 0 0 0 0 0 0.824802 0 0 0 0 0 0 0 0.831361 0 0 0 0 0 0 0 
C3H7FO3S             CHEMBL17071          Methanesulfonic     
0 0.6 0.6 0.6 0.6 0 0 0 0.6 0 0 0 0 0 0 0 0.6 0 0 0 0 0 0 0 0.6 0 0 0 0 0.601026 0 0 0.6 0 0 0 0 0 0 0 0 0 0 0.601026 0 0 0 0.6 0 0 0 0 0 0 0 0.597477 0 0 0 0 0 0.6 0.597477 0 
C7H9N                CHEMBL170781         N-Methylaniline     
0 0.825025 0 0 0 0 0 0 0.825025 0 0.825 0 0 0 0 0 0 0.825 0 0.825025 0 0 0 0.825025 0 0 0.825025 0 0.825 0 0 0 0 0 0 0.825 0 0.825025 0 0 0 0 0 0 0.825025 0 0.825025 0 0 0 0 0 0 0.825025 0 0.825 0 0 0.825025 0 0 0 0.825 0 
C5H6O3               CHEMBL170934                             
0 0.889383 0 0.8833 0.880134 0 0 0 0.889383 0 0.877674 0 0 0 0.885485 0 0 0.877674 0 0 0 0.884426 0 0 0.8833 0 0 0 0 0.889383 0 0.880134 0.880134 0 0 0 0 0 0 0 0 0 0.884426 0.889383 0 0 0 0 0 0.885485 0 0 0 0 0 0 0 0 0 0.880134 0 0 0 0 
C5H8O3               CHEMBL171595                             
0 0.830487 0 0.823294 0.825 0 0 0 0.830487 0 0.823294 0 0 0 0 0 0 0.823294 0 0 0 0.823294 0 0 0.823294 0 0 0 0 0 0 0 0.825 0 0 0 0 0 0 0 0 0 0.823294 0 0 0 0.823294 0.825 0 0 0 0 0 0.823294 0 0 0 0 0 0 0 0.825 0 0 
C5H8O2S              CHEMBL171714                             
0 0.83241 0 0.827687 0.834908 0 0 0 0.83241 0 0 0 0 0 0 0 0 0 0 0 0 0.826494 0.819181 0.83241 0.827687 0 0 0 0 0 0.832409 0 0.834908 0 0 0 0 0.83231 0 0 0 0 0.826494 0 0.83231 0 0 0 0 0 0.819181 0.832409 0 0 0 0 0 0 0.83241 0 0 0 0 0 
C4H8O2S2             CHEMBL171795                             
0 0 0 0.826539 0 0.819242 0 0.832401 0 0 0.827708 0 0.834919 0 0.832401 0 0 0.827708 0 0 0 0.832301 0 0 0.826539 0 0 0 0.832401 0 0 0 0 0.834919 0 0.832401 0 0 0 0 0.819242 0 0.832301 0 0 0 0 0 0 0.832401 0 0 0 0 0 0 0.832401 0 0 0 0 0 0 0 
C2H5NaO4S            CHEMBL172191         Sodium              
0 0.825 0.823294 0.825095 0.825 0 0 0 0.825 0 0 0 0 0 0 0 0.823294 0 0 0 0 0 0 0.834135 0.825095 0 0 0 0 0 0 0 0.825 0 0 0 0 0 0 0 0 0 0 0 0 0 0 0 0 0 0 0 0 0 0 0.823294 0 0 0.834135 0 0 0 0.823294 0 
C3H7ClO3S            CHEMBL17309          Chloro-Methanesulfonic
0 0.6 0.6 0.6 0.6 0 0 0 0.6 0 0 0 0 0 0 0 0.6 0 0 0 0 0 0 0 0.6 0 0 0 0 0.601041 0 0 0.6 0 0 0 0 0 0.597477 0 0 0 0 0.601041 0 0 0 0 0 0 0 0 0.597477 0 0 0.6 0 0 0 0 0 0 0.6 0 
C5H8O3               CHEMBL173373         2-Oxo-Propionic     
0 0.881195 0.885385 0 0.8833 0 0 0 0.881195 0 0 0.8833 0 0.881195 0 0 0.885385 0 0 0 0 0 0 0 0 0.8833 0 0 0 0 0 0 0.8833 0 0 0 0 0 0.881195 0 0 0.881195 0 0 0 0 0 0 0 0 0 0 0.881195 0 0 0.8833 0 0 0 0 0 0 0.8833 0 
C3H5N3S2             CHEMBL174202                             
0 0.718389 0.707541 0 0 0 0 0 0.718389 0 0 0 0.7208 0.718389 0 0 0.707541 0 0 0.7208 0 0 0.718389 0 0 0 0.7208 0 1.2375 0 0 0 0 0.7208 0 1.2375 0 0 0 0 0 0.718389 0 0 0 0 0 0.725 0 0 0.718389 0 0 0 0 0 0 0 0 0 0 0.725 0 0 
C5H11NO2             CHEMBL174400         5-Hydroxy-Pentanoic 
0 0.825 0.830487 0 0.823294 0 0 0 0.825 0 0 0 0 0 0 0 0.830487 0 0 0 0 0 0 0 0 0 0 0 0 0.823294 0 0 0.823294 0 0 0 0 0 0.823294 0 0 0 0 0.823294 0 0 0 0.826931 0 0 0 0 0.823294 0 0 0.823294 0 0 0 0 0 0.826931 0.823294 0 
C5H10N2S             CHEMBL176424                             
0 0.827483 0.823294 0 0 0 0 0 0.827483 0 0 0 0 0 0 0 0.823294 0 0 0 0.823294 0 0 0 0 0 0 0 0 0.823294 0.823294 0.825 0 0 0.823294 0 0 0.826931 0 0 0 0 0 0.823294 0.826931 0 0 0 0 0 0 0.823294 0 0 0 0 0 0 0 0.825 0 0 0 0 
C5H9NOS              CHEMBL176782                             
0 0.820348 0.830487 0 0 0 0 0 0.820348 0 0 0 0 0 0 0 0.830487 0 0 0 0.823294 0 0 0 0 0 0 0 0 0.826931 0 0 0 0 0.823294 0 0 0 0.823294 0 0 0 0 0.826931 0 0 0 0.823294 0 0 0 0 0.823294 0 0 0.823294 0 0 0 0 0 0.823294 0.823294 0 
C6H9NO               CHEMBL178335                             
0 0.8333 0.8167 0 0.822017 0 0 0 0.8333 0 0 0.825 0 0 0 0 0.8167 0 0 0.833341 0 0.82623 0 0 0 0.825 0.833341 0 0 0 0.818323 0 0.822017 0 0 0 0 0 0 0 0 0 0.82623 0 0 0 0 0.819155 0 0 0 0.818323 0 0 0 0.832635 0 0 0 0 0 0.819155 0.832635 0 
C5H6S3               CHEMBL179142                             
0 0.821049 0 0 0.830004 0 0.825095 0 0.821049 0 0.823515 0 0 0.830098 0 0 0 0.823515 0 0.820811 0 0 0 0 0 0 0.820811 0 0.807742 0 0 0 0.830004 0 0 0.807742 0 0 0 0.838153 0 0.830098 0 0 0 0 0 0 0.825095 0 0 0 0 0 0 0 0 0 0 0 0.838153 0 0 0 
Na3O4V               CHEMBL179166         Sodium              
0 0.825 0.825 0.825 0.825 0 0 0 0.825 0 0 0 0 0 0 0 0.825 0 0 0 0 0 0 0 0.825 0 0 0 0 0 0 0 0.825 0 0 0 0 0 0 0 0 0 0 0 0 0 0 0 0 0 0 0 0 0 0 0 0 0 0 0 0 0 0 0 
C4H8N4               CHEMBL18048                              
0 0 0.825 0.819661 0 0 0 0 0 0 0 0.823294 0.825 0 0 0 0.825 0 0 0 0 0.819661 0 0 0.819661 0.823294 0 0 0 0 0.825 0 0 0.825 0 0 0 0.823294 0 0 0 0 0.819661 0 0.823294 0 0 0.825 0 0 0 0.825 0 0 0 0 0 0 0 0 0 0.825 0 0 
C7H14O               CHEMBL18104          Heptanal            
0 0.824992 0 0 0 0 0.826708 0 0.824992 0 0.824992 0 0 0 0 0 0 0.824992 0 0.824992 0 0 0 0 0 0 0.824992 0 0.824906 0 0 0 0 0 0 0.824906 0 0.824992 0 0 0 0 0 0 0.824992 0 0 0.8267 0.826708 0 0 0 0 0 0 0 0 0 0 0 0 0.8267 0 0 
C5H6S3               CHEMBL182132                             
0 0.815027 0 0 0.83218 0 0.833394 0 0.815027 0 0 0.828789 0 0.83451 0 0 0 0 0 0.816796 0.824969 0 0 0 0 0.828789 0.816796 0 0 0 0 0 0.83218 0 0.824969 0 0 0 0 0 0 0.83451 0 0 0 0 0 0 0.833394 0 0 0 0 0 0 0.826023 0 0 0 0 0 0 0.826023 0 
C7H14O               CHEMBL18278          2,3-Dimethyl-Pentanal
0 0.8667 0 0 0 0 0 0 0.8667 0 0.886886 0 0 0 0 0 0 0.886886 0 0.8792 0 0.883258 0 0 0 0 0.8792 0 0.886306 0 0.883258 0 0 0 0 0.886306 0 0 0 0.8875 0 0 0.883258 0 0 0 0 0 0 0 0 0.883258 0 0 0 0 0 0 0 0 0.8875 0 0 0 
C2Na2O4              CHEMBL182928         Sodium              
0 0.823767 0.827404 0.8262 0 0 0 0 0.823767 0 0 0 0.827491 0.8262 0 0 0.827404 0 0 0 0 0 0 0 0.8262 0 0 0 0 0 0 0 0 0.827491 0 0 0 0 0 0 0 0.8262 0 0 0 0 0 0 0 0 0 0 0 0 0 0 0 0 0 0 0 0 0 0 
C4H4BrN3             CHEMBL183973                             
0 0.825 0 0 0 0.825061 0 0 0.825 0 0.82085 0 0 0 0 0 0 0.82085 0 0.820763 0 0 0 0 0 0 0.820763 0 0.825 0 0 0.82492 0 0 0 0.825 0 0.824974 0.824931 0 0.825061 0 0 0 0.824974 0 0 0 0 0 0 0 0.824931 0 0 0 0 0 0 0.82492 0 0 0 0 
C6H12O2              CHEMBL184290         Ethylbutyric        
0 0.827483 0.825011 0.827483 0 0 0 0 0.827483 0 0 0 0 0 0 0 0.825011 0 0 0 0.830487 0.816121 0 0 0.827483 0 0 0 0 0 0 0 0 0 0.830487 0 0 0 0.825 0 0 0 0.816121 0 0 0 0 0.825 0 0 0 0 0.825 0 0 0 0 0 0 0 0 0.825 0 0 
C6H12N2              CHEMBL185161                             
0 0.821947 0.824969 0.822228 0 0 0 0 0.821947 0 0 0 0.822534 0 0 0 0.824969 0 0 0 0 0.825095 0.82748 0 0.822228 0 0 0 0 0 0 0 0 0.822534 0 0 0 0.830098 0 0 0 0 0.825095 0 0.830098 0 0 0.815188 0 0 0.82748 0 0 0 0 0 0 0 0 0 0 0.815188 0 0 
C6H12N2              CHEMBL185584                             
