C7H18NO              CHEMBL102289                             
0 0 0.823294 0.826931 0.830487 0.825 0 0 0 0 0 0 0 0 0 0.826845 0 0 0.823294 0 0 0 0 0 0 0.823294 0 0.826931 0 0 0 0 0 0 0 0 0.830487 0 0 0 0 0 0 0 0 0.825 0 0 0 0 0 0 0 0 0 0.826845 0 0 0 0 0 0 0.823294 0 0 0.823294 0 0 0 0 0 0.826931 0 0 0 0 0 0 0.823294 0.826931 0 
C6H13N3              CHEMBL103102         Piperidine-1-Carboxamidine
0 0.8333 0.823294 0.823293 0 0 0 0 0 0.8333 0 0 0 0.817102 0.817102 0 0 0 0.823294 0 0 0 0 0 0 0 0 0.823293 0 0 0 0 0 0 0 0 0 0.817102 0 0 0 0 0.825 0 0 0 0.817102 0 0 0 0 0 0.825 0 0 0 0 0 0.825 0 0 0 0.825406 0 0 0 0 0 0.825 0 0 0.825406 0 0 0 0 0 0 0.825406 0.825406 0 
C6H13NO2             CHEMBL103377                             
0 0.825 0 0.823294 0 0.823293 0 0 0 0.825 0 0 0 0 0 0 0 0 0 0 0 0 0 0 0.823294 0.825 0.830487 0.823294 0 0 0 0.826931 0 0 0 0 0 0 0 0.826931 0 0 0.823293 0 0 0.823293 0 0 0 0 0 0 0 0 0 0 0.823294 0 0.823293 0 0 0 0 0 0 0.825 0 0 0 0 0 0 0 0 0.830487 0 0 0 0 0 0 
C5H12N2O2            CHEMBL103686                             
0 0.825 0 0 0 0 0 0 0 0.825 0 0.825025 0 0 0 0 0 0.825025 0 0.825025 0 0.824939 0 0 0 0 0 0 0 0.824939 0 0.825025 0 0 0 0 0 0 0 0.825025 0 0.825025 0 0 0 0 0 0 0 0.825025 0 0 0 0 0 0 0 0 0 0 0 0 0.824939 0 0 0 0 0 0 0 0 0.825 0 0.825025 0 0 0 0 0.824939 0.825 0 
C6H5NO2              CHEMBL104353         4-Nitroso-Phenol    
0 0.823294 0.825 0 0 0 0 0 0 0.823294 0 0 0 0 0 0 0 0 0.825 0 0 0 0.830487 0.823294 0 0 0 0 0 0 0 0 0 0.830487 0.827484 0.825 0 0 0.830487 0 0 0 0.8333 0 0 0 0 0.823294 0 0 0 0 0.825 0 0 0 0 0.830487 0.8333 0 0 0 0 0 0 0 0.827484 0 0.825 0 0 0 0 0 0 0.825 0 0 0 0 0 
C6H13NO2             CHEMBL1046           CY-116              
0 0.825025 0 0 0 0 0 0.825025 0.825 0.825025 0 0.824939 0 0 0 0 0 0 0 0.824939 0 0.825025 0 0 0 0 0 0 0 0.825025 0 0.825025 0 0 0 0 0 0 0 0.825025 0 0.825025 0 0 0 0 0 0 0 0.825025 0 0.824939 0 0 0 0 0 0 0 0.824939 0 0 0 0.825025 0 0 0 0 0 0 0 0 0.825 0 0 0 0 0 0 0 0 
C7H18NO              CHEMBL105059                             
0 0 0.8292 0.825042 0.8333 0.833341 0 0 0 0 0 0 0 0 0 0.8333 0 0 0.8292 0 0 0 0 0 0.830487 0 0 0.825042 0 0 0 0 0 0 0.836766 0 0.8333 0 0 0 0 0 0 0 0 0.833341 0 0 0 0 0 0 0 0 0 0.8333 0.830487 0 0 0 0 0 0 0 0 0 0.836766 0 0 0 0 0.826931 0 0 0 0 0 0 0 0.826931 0 
C6H12N2O             CHEMBL105830                             
0 0.827803 0.822534 0 0 0.825 0 0 0 0.827803 0 0 0.82623 0 0 0 0 0 0.822534 0 0 0 0.830098 0 0 0 0 0 0.82623 0 0 0.825042 0 0.829234 0 0 0 0 0.830098 0.825042 0 0 0 0.823449 0 0.825 0 0 0 0 0 0 0 0 0 0 0 0.829234 0 0 0 0 0.817389 0 0 0 0 0.823449 0 0 0 0 0 0 0 0 0 0 0.817389 0 0 
C9H8                 CHEMBL105998                             
0 0.6 0.6 0 0 0 0 0 0 0.6 0 0 0.6 0 0 0 0 0 0.6 0 0 0 0.593849 0.593849 0 0 0 0 0.6 0 0 0 0 0 0 0 0 0 0.593849 0 0 0 0.5917 0 0 0 0 0.593849 0 0 0 0 0.5917 0 0 0 0 0 0.5917 0 0 0 0.591738 0 0 0 0 0 0.5917 0 0 0.591738 0 0 0 0 0 0 0.591738 0.591738 0 
C7H9NO               CHEMBL106238                             
0 0.600443 0.601895 0.601301 0 0 0 0 0 0.600443 0 0 0 0 0 0.598308 0.598078 0 0.601895 0 0 0 0.598642 0 0 0 0 0.601301 0 0 0 0 0.600521 0 0 0 0 0 0.598642 0 0 0.604399 0 0 0 0 0 0 0.600521 0.604399 0 0 0 0 0 0.598308 0 0 0 0 0 0 0 0 0.598078 0 0 0 0 0 0 0.596392 0 0 0 0 0 0 0 0.596392 0 
C5H10NNaS2           CHEMBL107217         Ditiocarb           
0 0.823294 0.825 0.826845 0 0 0 0 0 0.823294 0 0 0 0 0 0 0 0 0.825 0 0 0 0.826844 0.823294 0 0 0 0.826845 0 0 0 0 0 0 0 0 0 0 0.826844 0 0 0 0 0.825 0 0 0 0.823294 0 0 0 0.825 0 0 0 0 0 0 0 0.825 0 0 0 0 0 0 0 0.825 0 0 0 0 0 0 0 0 0 0 0 0 0 
C4H3BrN2S2           CHEMBL108409                             
0 0.823293 0 0.825 0 0 0 0 0 0.823293 0 0.826931 0 0 0 0.825042 0 0 0 0.826931 0 0 0 0.825 0 0 0.825406 0.825 0 0 0 0.823293 0 0 0.830488 0 0 0 0 0.823293 0 0.826931 0 0 0 0 0 0.825 0 0.826931 0 0 0 0 0 0.825042 0 0 0 0 0 0 0 0 0 0 0.830488 0 0 0 0 0 0 0 0.825406 0 0 0 0 0 0 
C8H10O               CHEMBL108475         4-Ethylphenol       
0 0.825025 0 0 0 0 0 0 0 0.825025 0 0.825 0 0 0 0 0 0 0 0.825 0 0.825025 0 0.825025 0 0 0 0 0 0.825025 0 0.825 0 0 0 0 0 0 0 0.825 0 0 0 0.825025 0 0 0 0.825025 0 0 0 0.825 0 0 0 0 0 0 0 0.825 0 0.825025 0 0 0 0 0 0.825025 0 0.825025 0 0.825 0 0 0 0 0 0 0 0.825 0 
C4H12N4O             CHEMBL108555                             
0 0.825 0 0 0 0 0 0 0 0.825 0 0.825025 0.824939 0 0 0 0 0 0 0.825025 0 0 0 0 0 0 0.825025 0 0.824939 0 0 0.825025 0 0 0 0 0 0 0 0.825025 0 0.825025 0 0 0 0 0 0 0 0.825025 0 0.825025 0 0 0 0 0 0 0 0.825025 0 0.824938 0 0 0 0 0 0 0 0.824938 0 0 0 0 0.825025 0 0 0 0 0 0 
C7H9NS               CHEMBL108921                             
0 0.600907 0 0.601301 0.600923 0 0 0 0 0.600907 0 0 0 0 0 0.601863 0 0.601171 0 0 0 0.595425 0 0.599869 0 0 0 0.601301 0 0.595425 0 0 0 0 0 0 0.600923 0 0 0 0 0.599375 0 0 0 0 0 0.599869 0 0.599375 0 0 0 0 0 0.601863 0 0 0 0 0 0 0 0 0 0 0 0 0 0 0 0.598642 0 0.601171 0 0 0 0 0 0.598642 0 
C7H6O2               CHEMBL108925         Salicyladehyde      
0 0.825 0 0 0 0 0 0 0 0.825 0 0.824939 0 0 0 0 0 0 0 0.824939 0 0.825 0 0 0 0.825025 0 0 0 0.825 0 0.825025 0 0 0 0 0 0 0 0.825025 0 0.825025 0 0 0 0 0 0 0 0.825025 0 0.825 0 0 0 0 0 0 0 0.825 0 0.825025 0 0 0 0.825025 0 0 0 0.825025 0 0.825 0 0 0 0 0 0 0 0.825 0 
C7H9NO               CHEMBL108927                             
0 0.598642 0 0.601301 0.60071 0 0 0 0 0.598642 0 0 0 0 0 0.600029 0 0.60071 0 0 0 0.601895 0 0.600907 0 0 0 0.601301 0 0.601895 0 0 0 0 0 0 0.60071 0 0 0 0 0.596392 0 0 0 0 0 0.600907 0 0.596392 0 0 0 0 0 0.600029 0 0 0 0 0 0 0 0 0 0 0 0 0 0 0 0.596343 0 0.60071 0 0 0 0 0 0.596343 0 
C5H7NO3              CHEMBL1099           DMO                 
0 0.82479 0.825011 0 0 0 0 0 0 0.82479 0 0 0.827803 0 0.830098 0 0 0 0.825011 0 0 0 0.82623 0 0.83171 0 0 0 0.827803 0 0 0.814243 0 0 0 0 0 0 0.82623 0.814243 0 0 0 0.818323 0.825 0 0.830098 0 0 0 0 0 0 0 0 0 0.83171 0 0 0 0 0 0 0 0 0 0 0.818323 0 0 0 0 0 0 0 0 0.825 0 0 0 0 
C7H8O2               CHEMBL110059         Orcinol             
0 0.826701 0 0 0 0.822342 0 0 0 0.826701 0 0.825038 0 0 0 0 0 0.824502 0 0.825038 0 0.826538 0 0 0 0 0 0 0 0.826538 0 0.830005 0 0 0.824413 0 0 0 0 0.830005 0 0.823442 0 0 0 0.822342 0 0 0 0.823442 0 0.824404 0 0 0 0 0 0 0 0.824404 0 0 0 0 0 0 0.824413 0 0 0 0 0 0 0.824502 0 0 0 0 0 0 0 
C7H9NS               CHEMBL110604                             
0 0.605512 0.595425 0.601301 0 0 0 0 0 0.605512 0 0 0 0 0 0.603338 0.601041 0 0.595425 0 0 0 0.599869 0 0 0 0 0.601301 0 0 0 0 0.600923 0 0 0 0 0 0.599869 0 0 0.599375 0 0 0 0 0 0 0.600923 0.599375 0 0 0 0 0 0.603338 0 0 0 0 0 0 0 0 0.601041 0 0 0 0 0 0 0.601564 0 0 0 0 0 0 0 0.601564 0 
C6H12N2O             CHEMBL110705                             
0 0.827803 0.822534 0 0 0.825 0 0 0 0.827803 0 0 0.82623 0 0 0 0 0 0.822534 0 0 0 0.830098 0 0 0 0 0 0.82623 0 0 0.825042 0 0 0.829234 0 0 0 0.830098 0.825042 0 0 0.823449 0 0 0.825 0 0 0 0 0 0 0 0 0 0 0 0 0.823449 0 0 0 0.82588 0 0 0 0.829234 0 0 0 0 0 0 0 0 0 0 0 0.82588 0 0 
C5H11NO3             CHEMBL110830         dideoxyiminoxylitol 
0 0.825025 0 0 0 0 0 0 0.825025 0.825025 0 0.824938 0.825 0 0 0 0 0 0 0.824938 0 0 0 0 0 0 0 0 0.825 0 0 0.824938 0.825025 0 0 0 0 0 0 0.824938 0 0 0 0 0 0 0 0 0.825025 0 0 0.825 0.825025 0 0 0 0 0 0 0.825 0 0 0 0 0 0 0 0 0.825025 0 0 0.825 0.825025 0 0 0 0 0 0 0.825 0 
C6H12N2O             CHEMBL110845                             
0 0 0 0 0 0.825672 0.718614 0 0.822344 0 0 0.823294 0.829577 0.675462 0 0 0 0 0 0.823294 0 0 0 0 0 0.825 0 0 0.829577 0 0 0 0 0.928348 0 0 0 0.675462 0 0 0 0.978948 0 0 0 0.825672 0 0 0 0.978948 0 0 0 0 0.718614 0 0 0.928348 0 0 0 0 0 0 0 0.825 0 0 0 0 0 0 0.822344 0 0 0 0 0 0 0 0 
C5H9N3S              CHEMBL111215                             
0 0.710115 0 0.706205 0 0 0 0 0 0.710115 0 0.703331 0 0 0.708312 0 0 0 0 0.703331 0 0 0.706205 0 0 0 0 0.706205 0 0 0 0.7 0 0.712529 0 0 0 0 0.706205 0.7 0 0 0 0 0 0 0.708312 0 0 0 0 0 0 0 0 0 0 0.712529 0 0 0 0 0.712412 0 0 0 0 0 0 0 0 0.712529 0 0 0 0 0 0 0.712412 0.712529 0 
C6H13N3              CHEMBL111469                             
0 0 0 0.825025 0.825 0 0 0 0 0 0 0 0.825 0 0 0 0 0 0 0 0 0.824938 0 0 0 0 0 0.825025 0.825 0.824938 0 0 0 0 0 0 0.825 0 0 0 0 0.825025 0 0 0 0 0 0 0 0.825025 0 0.825 0 0 0 0 0 0 0 0.825 0 0.824938 0.825025 0 0 0 0 0 0 0.824938 0 0 0 0 0 0 0 0 0.825025 0 0 
C6H4Br2O             CHEMBL111507         2,6-Dibromo-Phenol  
0 0.830487 0.827483 0.825 0 0 0 0 0 0.830487 0 0 0 0.823294 0 0 0.8333 0 0.827483 0 0 0 0 0.823294 0 0 0.825 0.825 0 0 0 0 0 0 0 0 0 0.823294 0 0 0 0 0 0 0 0 0 0.823294 0 0 0 0 0 0 0 0 0 0 0 0 0 0.830487 0.823294 0 0.8333 0 0 0 0 0.830487 0 0 0 0 0.825 0 0 0 0.823294 0 0 
C4H13N2O2P           CHEMBL112248                             
0 0.600057 0.6 0.600058 0 0.601026 0 0 0 0.600057 0 0 0 0 0 0 0 0 0.6 0 0 0 0.593849 0 0 0 0 0.600058 0 0 0 0 0 0 0 0 0 0 0.593849 0 0 0 0 0 0 0.601026 0 0 0 0 0 0 0.604669 0 0 0 0 0 0 0 0 0 0.601026 0 0 0 0 0 0.604669 0 0 0.597477 0 0 0 0 0 0 0.601026 0.597477 0 
C4H12NO3P            CHEMBL112933                             
0 0.823293 0.825 0 0.8208 0 0.825 0 0 0.823293 0 0 0.823294 0 0.82501 0 0 0 0.825 0 0 0 0 0 0 0 0 0 0.823294 0 0 0 0 0 0 0.823294 0.8208 0 0 0 0 0 0 0 0 0 0.82501 0 0 0 0 0 0 0 0.825 0 0 0 0 0 0 0 0 0 0 0 0 0 0 0 0 0.826931 0 0 0 0.823294 0 0 0 0.826931 0 
C4H12NO3P            CHEMBL112960                             
0 0.823294 0 0.825 0 0.8167 0 0 0 0.823294 0 0.823293 0 0 0 0 0 0 0 0.823293 0 0 0.823293 0 0.825 0 0 0.825 0 0 0 0 0 0 0 0 0 0 0.823293 0 0 0 0 0.826932 0.825 0.8167 0 0 0 0 0 0 0 0 0 0 0.825 0 0 0 0 0 0 0 0 0 0 0.826932 0 0 0 0 0 0 0 0 0.825 0 0 0 0 
C5H11NO2Se           CHEMBL113178         75SE                
0 0.8117 0.821475 0.825293 0 0 0 0 0 0.8117 0 0 0 0 0 0 0 0 0.821475 0 0 0 0.804675 0 0.825031 0 0 0.825293 0 0 0 0 0 0 0 0 0 0 0.804675 0 0 0 0 0 0 0 0 0 0 0 0 0 0.821342 0.824526 0 0 0.825031 0 0 0 0 0.826803 0 0 0 0 0 0 0.821342 0.826803 0 0 0 0 0 0 0 0.824526 0 0 0 
C4H12NO3P            CHEMBL113304         CGP-34938           
0 0.823293 0.825 0 0.8208 0 0.825 0 0 0.823293 0 0 0.823294 0 0 0 0 0 0.825 0 0 0 0 0 0 0 0 0 0.823294 0 0 0 0 0 0.825 0.823294 0.8208 0 0 0 0 0 0 0 0 0 0 0 0 0 0 0 0 0.826931 0.825 0 0 0 0 0 0 0 0 0 0 0 0.825 0 0 0 0 0 0 0 0 0.823294 0 0.826931 0 0 0 
C4H12NO3P            CHEMBL113310         CGP-44532           
0 0.825032 0 0.82502 0 0 0 0 0.825002 0.825032 0 0.82497 0 0 0 0 0 0 0 0.82497 0 0 0 0 0 0 0 0.82502 0 0 0 0.825082 0 0 0 0 0 0 0 0.825082 0 0.8226 0.825082 0.824929 0 0 0 0 0 0.8226 0 0 0 0 0 0 0 0 0.825082 0 0 0 0 0 0 0 0 0.824929 0 0 0 0 0.825002 0 0 0 0 0 0 0 0 
C4H12NO3P            CHEMBL113348                             
0 0.825119 0 0.82497 0 0 0 0 0.825001 0.825119 0 0.82502 0 0 0 0 0 0 0 0.82502 0 0 0 0 0 0 0 0.82497 0 0 0 0.824946 0 0 0 0 0 0 0 0.824946 0 0.8226 0.824995 0.824979 0 0 0 0 0 0.8226 0 0 0 0 0 0 0 0 0.824995 0 0 0 0 0 0 0 0 0.824979 0 0 0 0 0.825001 0 0 0 0 0 0 0 0 
C4H12NO3P            CHEMBL113385                             
0 0.825 0.825 0.8208 0.823293 0 0 0 0 0.825 0 0 0 0 0 0 0 0 0.825 0 0 0 0 0 0.823294 0 0 0.8208 0 0 0 0 0 0 0 0 0.823293 0 0 0 0 0 0 0.823294 0 0 0 0 0 0 0 0 0 0.826931 0 0 0.823294 0 0 0 0 0 0 0 0 0 0 0.823294 0 0 0 0.823294 0 0 0 0 0 0.826931 0 0.823294 0 
C5H14NO2P            CHEMBL113396         CGP-35582           
0 0.825 0.823293 0.8208 0.825 0 0 0 0 0.825 0 0 0 0 0 0 0 0 0.823293 0 0 0 0 0.823294 0 0 0.82501 0.8208 0 0 0 0 0 0 0 0 0.825 0 0 0 0 0 0 0 0 0 0 0.823294 0 0 0 0 0.823294 0 0 0 0 0 0 0 0 0.826931 0 0 0 0 0 0 0.823294 0.826931 0 0 0 0 0.82501 0 0 0 0 0 0 
C4H4N2O3             CHEMBL113550         Pyrimidine-2,4,6-Triol
0 0 0.60467 0.60467 0 0 0 0 0 0 0 0.6 0 0.60467 0 0 0 0 0.60467 0.6 0 0 0 0 0.583617 0 0 0.60467 0 0 0 0 0.6 0 0 0.639201 0 0.60467 0 0 0 0.60467 0 0.5625 0 0 0 0 0.6 0.60467 0 0 0 0 0 0 0.583617 0 0 0 0 0 0 0 0 0 0 0.5625 0 0 0 0 0 0 0 0.639201 0 0 0 0 0 
C6H8N2O              CHEMBL113793                             
0 0.823294 0 0.8292 0 0 0 0 0 0.823294 0 0.823294 0 0.825042 0 0 0 0 0 0.823294 0 0 0 0.8292 0 0 0 0.8292 0 0 0 0 0 0.823294 0.821197 0 0 0.825042 0 0 0 0 0 0 0 0 0 0.8292 0 0 0 0.823294 0 0 0 0 0 0.823294 0 0.823294 0 0 0 0 0 0 0.821197 0 0 0 0 0.825 0 0 0 0 0 0 0 0.825 0 
C6H6N2O              CHEMBL1140           Nicotylamide        
0 0.825 0 0 0 0.825025 0 0 0 0.825 0 0.825025 0 0 0 0 0 0 0 0.825025 0 0.824939 0 0 0.825 0 0 0 0 0.824939 0 0.825 0 0 0 0 0 0 0 0.825 0 0.824939 0 0 0 0.825025 0 0 0 0.824939 0 0 0 0 0 0 0.825 0 0 0 0 0.825025 0.824939 0 0 0 0 0 0 0.825025 0 0 0 0 0 0 0 0 0.824939 0 0 
C6H4Cl2O             CHEMBL1143           2,4-Dichlorophenol  
0 0.6083 0.601026 0 0 0.597477 0 0 0 0.6083 0 0 0 0.601026 0 0 0 0 0.601026 0 0 0.601687 0 0 0 0 0.600015 0 0 0.601687 0 0 0 0.6 0 0 0 0.601026 0 0 0 0 0.597477 0.600015 0 0.597477 0 0 0 0 0 0 0 0 0 0 0 0.6 0.597477 0 0 0 0 0 0 0 0 0.600015 0 0 0 0 0 0 0.600015 0 0 0 0 0 0 
C7H12O2              CHEMBL115551                             
0 0.601026 0.6 0 0.597477 0 0 0 0 0.601026 0 0 0.597477 0 0.6 0 0 0 0.6 0 0 0 0 0 0 0 0 0 0.597477 0 0 0 0 0.601026 0 0 0.597477 0 0 0 0 0 0 0 0 0 0.6 0 0 0 0 0 0.597477 0 0 0 0 0.601026 0 0 0 0 0.597477 0 0 0 0 0 0.597477 0 0 0 0 0 0 0 0 0 0.597477 0 0 
C5H5FN2O             CHEMBL115639                             
0 0.825 0.823293 0 0 0 0 0.825406 0 0.825 0 0 0.823293 0 0 0.830487 0 0 0.823293 0 0 0 0.823294 0 0 0 0.825011 0 0.823293 0 0 0 0.823294 0 0 0 0 0 0.823294 0 0 0.825 0 0 0 0 0 0 0.823294 0.825 0 0 0 0 0 0.830487 0 0 0 0 0 0 0 0.825406 0 0 0 0 0 0 0 0 0 0 0.825011 0 0 0 0 0 0 
C6H14N2O             CHEMBL115700         N,N-Diisopropyl     
0 0.823294 0.87089 0 0 0 0 0 0 0.823294 0 0 0.823294 0.825 0 0 0 0 0.87089 0 0 0 0 0 0 0 0 0 0.823294 0 0 0 0 0 0.825 0.823294 0 0.825 0 0 0 0.823294 0.823294 0 0 0 0 0 0 0.823294 0 0 0 0 0 0 0 0 0.823294 0 0 0 0 0 0 0 0.825 0 0 0 0 0 0 0 0 0.823294 0 0 0 0 0 
C5H5FN2O             CHEMBL116460                             
0 0.823294 0 0.830487 0 0 0 0 0 0.823294 0 0.825 0 0 0 0 0.823294 0 0 0.825 0 0 0 0.827484 0 0 0 0.830487 0 0 0 0.8333 0 0.826931 0 0 0 0 0 0.8333 0 0.830487 0 0 0 0 0 0.827484 0 0.830487 0 0 0 0.825 0 0 0 0.826931 0 0 0 0 0 0 0.823294 0 0 0 0 0 0 0 0 0 0 0 0 0.825 0 0 0 
C6H7N3               CHEMBL116536                             
0 0 0.830942 0 0 0.830484 0 0 0 0 0 0.825262 0.825 0 0 0 0 0 0.830942 0.825262 0 0 0 0 0.822629 0 0 0 0.825 0 0 0 0 0 0 0.825 0 0 0 0 0 0.825378 0.830171 0 0 0.830484 0 0 0 0.825378 0 0 0 0 0 0 0.822629 0 0.830171 0 0 0 0 0 0 0 0 0 0 0 0 0.822017 0 0 0 0.825 0 0 0 0.822017 0 
C6H9N3               CHEMBL116538                             
0 0.825852 0.82124 0 0 0.827741 0 0 0 0.825852 0 0 0 0.827123 0 0 0 0 0.82124 0 0 0 0 0 0.824149 0.830906 0 0 0 0 0 0.830349 0.821679 0 0 0 0 0.827123 0 0.830349 0 0 0 0 0 0.827741 0 0 0.821679 0 0 0 0 0 0 0 0.824149 0 0 0 0 0 0 0 0 0.830906 0 0 0 0 0 0.830062 0 0 0 0 0 0 0 0.830062 0 
C6H11N3              CHEMBL116655                             
0 0.826152 0 0 0 0 0 0 0 0.826152 0 0.826151 0 0 0 0 0 0.824901 0 0.826151 0 0.822602 0 0 0 0 0 0 0 0.822602 0 0.826993 0 0 0.824696 0 0 0 0 0.826993 0 0.824232 0 0 0 0 0 0 0 0.824232 0 0.8261 0 0 0 0 0 0 0 0.8261 0 0.824983 0 0 0 0 0.824696 0 0 0.824983 0 0 0 0.824901 0 0 0 0 0 0 0 
C7H10N2              CHEMBL116766                             
0 0 0.818323 0 0 0 0.825 0 0 0 0 0.816662 0 0 0 0 0.830183 0.825095 0.818323 0.816662 0 0 0 0 0 0 0 0 0 0 0 0.82251 0.832066 0 0 0.829627 0 0 0 0.82251 0 0.83356 0 0 0 0 0 0 0.832066 0.83356 0 0 0 0 0.825 0 0 0 0 0 0 0.820897 0 0 0.830183 0 0 0 0 0.820897 0 0 0 0.825095 0 0.829627 0 0 0 0 0 
C6H12N2S             CHEMBL11683                              
0 0.823294 0.823294 0.825 0 0 0 0 0 0.823294 0 0 0 0 0.825 0 0.823294 0 0.823294 0 0 0 0 0 0.825 0 0.823294 0.825 0 0 0 0 0 0 0 0 0 0 0 0 0 0.823294 0.823294 0 0 0 0.825 0 0 0.823294 0 0 0 0 0 0 0.825 0 0.823294 0 0 0 0 0 0.823294 0 0 0 0 0 0 0 0 0 0.823294 0 0 0 0 0 0 
C5H5FN2O             CHEMBL116923                             
0 0.826931 0 0.8333 0 0 0 0 0 0.826931 0 0.827483 0 0 0 0 0.825042 0 0 0.827483 0 0 0 0.825 0 0 0.823294 0.8333 0 0 0 0.826931 0 0.823294 0 0 0 0 0 0.826931 0 0.823294 0 0 0 0 0 0.825 0 0.823294 0 0 0 0 0 0 0 0.823294 0 0 0 0 0 0 0.825042 0 0 0 0 0 0 0 0 0 0.823294 0 0 0 0 0 0 
C5H4F2N2             CHEMBL117189                             
0 0.823294 0.830487 0 0 0 0 0 0 0.823294 0 0 0.8292 0 0 0.823294 0 0 0.830487 0 0 0 0.8292 0 0 0.826931 0 0 0.8292 0 0 0 0.823294 0 0 0 0 0 0.8292 0 0 0.830487 0 0 0 0 0 0 0.823294 0.830487 0 0 0 0.825 0 0.823294 0 0 0 0 0 0 0 0 0 0.826931 0 0 0 0 0 0 0 0 0 0 0 0.825 0 0 0 
C5H11NO3             CHEMBL11723                              
0 0.826931 0 0.823294 0.825 0 0 0 0 0.826931 0 0.825 0 0 0.823294 0 0 0 0 0.825 0 0 0 0 0 0 0 0.823294 0 0 0 0 0 0.825 0.823294 0 0.825 0 0 0 0 0 0 0 0 0 0.823294 0 0 0 0 0 0 0 0 0 0 0.825 0 0 0 0 0 0 0 0 0.823294 0 0 0 0 0.830487 0 0 0 0 0 0 0 0.830487 0 
C4H3IN2O2            CHEMBL1173                               
0 0.825025 0 0 0 0 0 0.825 0 0.825025 0 0.825 0.825025 0 0 0 0 0 0 0.825 0 0 0 0 0 0 0 0 0.825025 0 0 0.825 0 0 0 0 0 0 0 0.825 0 0.824939 0.825025 0 0 0 0 0 0 0.824939 0 0 0 0 0 0 0 0 0.825025 0 0 0.825025 0.825 0.825 0 0 0 0 0 0.825025 0 0 0 0 0 0 0 0 0.825 0 0 
C4H10NOS2.Na         CHEMBL117415                             
0 0.707358 0 0 0 0 0 0 0 0.707358 0 0 0 0 0 0.71208 0 0 0 0 0 0 0 0 0 0.7105 0 0 0 0 0 0 0.722372 0 0 0 0 0 0 0 0 0.708135 0.709603 0 0 0 0 0 0.722372 0.708135 0 0 0.710531 0 0 0.71208 0 0 0.709603 0 0 0 0 0 0 0.7105 0 0 0.710531 0 0 0 0 0 0 0 0 0 0 0 0 
C7H9NO               CHEMBL11769                              
0 0.815516 0.819167 0 0 0 0 0.825 0 0.815516 0 0 0.825 0.826931 0 0 0 0 0.819167 0 0 0 0 0.825 0 0 0 0 0.825 0 0 0 0 0.82387 0 0 0 0.826931 0 0 0 0 0 0 0 0 0 0.825 0 0 0 0.827484 0 0 0 0 0 0.82387 0 0.827484 0 0 0 0.825 0 0 0 0 0 0 0 0.823293 0 0 0 0 0 0 0 0.823293 0 
C7H15NO              CHEMBL118227                             
0 0.543126 0.541764 0.541695 0 0 0 0 0 0.543126 0 0 0 0 0.54677 0 0 0 0.541764 0 0 0 0 0 0 0.54677 0 0.541695 0 0 0 0 0 0.545232 0 0 0 0 0 0 0 0.54677 0 0 0 0 0.54677 0 0 0.54677 0 0 0 0 0 0 0 0.545232 0 0 0 0 0.5417 0 0 0.54677 0 0 0 0 0 0.543126 0 0 0 0 0 0 0.5417 0.543126 0 
C8H9N                CHEMBL118475                             
0 0 0 0.822534 0.825921 0 0 0 0 0 0 0.825 0 0.819616 0 0.823294 0 0 0 0.825 0 0.818323 0 0.823294 0 0 0 0.822534 0 0.818323 0 0 0 0 0 0 0.825921 0.819616 0 0 0 0 0 0 0 0 0 0.823294 0 0 0 0 0 0.830487 0 0.823294 0 0 0 0 0 0.830487 0 0 0 0 0 0 0 0.830487 0 0.825 0 0 0 0 0 0.830487 0 0.825 0 
C7H8S2               CHEMBL118504         NSC-677545          
0 0.6 0.5917 0 0 0 0 0 0 0.6 0 0 0.6083 0 0 0 0 0 0.5917 0 0 0 0.601026 0.591738 0 0 0 0 0.6083 0 0 0 0 0 0 0 0 0 0.601026 0 0 0 0 0.5958 0 0 0 0.591738 0 0 0 0.5917 0 0 0 0 0 0 0 0.5917 0 0 0.593849 0 0 0 0 0.5958 0 0 0 0.596927 0 0 0 0 0 0 0.593849 0.596927 0 
C5H11NO3             CHEMBL11855                              
0 0.830487 0.825 0 0 0.823294 0 0 0 0.830487 0 0 0.823294 0.825 0 0 0 0 0.825 0 0 0 0 0 0 0 0 0 0.823294 0 0 0 0 0 0.823294 0.825 0 0.825 0 0 0 0 0 0 0 0.823294 0 0 0 0 0 0 0 0 0 0 0 0 0 0 0 0.823294 0 0 0 0 0.823294 0 0 0.823294 0 0 0 0 0 0.825 0 0 0 0 0 
C6H16NO.I            CHEMBL118742                             
0 0 0 0.6 0.600057 0.600057 0.6 0 0 0 0 0 0 0 0 0 0 0 0 0 0 0 0 0 0 0.6 0 0.6 0 0 0 0 0 0 0.597477 0 0.600057 0 0 0 0 0 0 0 0.601026 0.600057 0 0 0 0 0 0 0 0 0.6 0 0 0 0 0 0 0 0 0 0 0.6 0.597477 0 0 0 0 0 0 0 0 0 0.601026 0 0 0 0 
C6H6O3               CHEMBL119083                             
0 0.824938 0 0 0 0.825025 0 0 0.825 0.824938 0 0.825 0 0 0 0 0 0 0 0.825 0 0.824939 0 0 0 0 0 0 0 0.824939 0 0.825025 0 0 0.825 0 0 0 0 0.825025 0 0.825 0 0 0 0.825025 0 0 0 0.825 0 0.825025 0 0 0 0 0 0 0 0.825025 0 0 0 0 0 0 0.825 0 0 0 0 0 0.825 0 0 0 0 0 0 0 0 
C6H11N3              CHEMBL11919          (S)-Alpha-Methylhistamine
0 0.6042 0 0.603509 0 0 0 0 0 0.6042 0 0 0 0.604798 0.598341 0 0 0 0 0 0 0.596724 0.603547 0 0 0 0 0.603509 0 0.596724 0 0 0 0 0 0 0 0.604798 0.603547 0 0 0 0 0 0 0 0.598341 0 0 0 0 0 0.594992 0 0 0 0 0 0 0 0 0.605008 0 0 0 0 0 0 0.594992 0.605008 0 0.602426 0 0 0 0 0 0 0 0.602426 0 
C6H9N3               CHEMBL119195                             
0 0.825852 0 0.831039 0 0 0 0 0 0.825852 0 0 0 0.827742 0.817962 0 0 0 0 0 0 0.830348 0.823986 0 0 0 0 0.831039 0 0.830348 0 0 0 0 0 0 0 0.827742 0.823986 0 0 0 0 0 0 0 0.817962 0 0 0 0 0.830263 0 0 0 0 0 0 0 0.830263 0 0 0.825003 0 0 0 0 0 0 0 0 0.827741 0 0 0 0 0 0 0.825003 0.827741 0 
C7H7NO               CHEMBL11945                              
0 0 0.604669 0 0.593848 0 0 0 0 0 0 0.605212 0.597477 0 0.600057 0 0 0 0.604669 0.605212 0 0 0 0 0.6 0 0 0 0.597477 0 0 0 0 0 0 0 0.593848 0 0 0 0 0 0 0.6 0 0 0.600057 0 0 0 0 0 0 0 0 0 0.6 0 0 0 0 0 0.604669 0 0 0 0 0.6 0 0 0 0.593848 0 0 0 0 0 0 0.604669 0.593848 0 
C7H8OS               CHEMBL119636         4-Methoxy-Benzenethiol
0 0.825 0 0.827483 0.830487 0 0 0 0 0.825 0 0 0 0 0 0 0 0 0 0 0 0 0 0.830488 0.823294 0.825 0 0.827483 0 0 0 0 0 0.825 0 0 0.830487 0 0 0 0 0.8333 0 0 0 0 0 0.830488 0 0.8333 0 0 0 0 0 0 0.823294 0.825 0 0 0 0 0 0 0 0.825 0 0 0 0 0 0.819166 0 0 0 0 0 0 0 0.819166 0 
C6H5NO2              CHEMBL1203           Isonicotinic        
0 0.826023 0 0.83356 0.816755 0 0 0 0 0.826023 0 0 0 0 0 0 0 0 0 0 0 0 0 0.82387 0.818729 0 0 0.83356 0 0 0 0 0 0 0.824047 0.826023 0.816755 0 0 0 0 0 0 0 0 0 0 0.82387 0 0 0 0 0.825094 0 0 0 0.818729 0 0 0 0 0 0.816965 0 0 0 0.824047 0 0.825094 0 0 0 0 0 0 0.826023 0 0 0.816965 0 0 
C7H13NO              CHEMBL12103                              
0 0.825769 0 0.824448 0.820133 0 0 0 0 0.825769 0 0.820731 0 0 0.824448 0 0 0 0 0.820731 0 0 0 0 0 0 0 0.824448 0 0 0 0 0 0 0 0 0.820133 0 0 0 0 0 0.816337 0 0 0 0.824448 0 0 0 0 0 0.8292 0 0 0 0 0 0.816337 0 0 0 0.824825 0 0 0 0 0 0.8292 0 0 0.821843 0 0 0 0 0 0 0.824825 0.821843 0 
C7H6O2               CHEMBL121188         Tropolone           
0 0.858809 0 0.834621 0 0 0 0 0.830615 0.858809 0 0.80914 0 0 0 0 0 0 0 0.80914 0 0 0 0 0.815989 0 0 0.834621 0 0 0 0.824954 0 0 0.830642 0 0 0 0 0.824954 0 0.862392 0 0 0 0 0 0 0 0.862392 0 0.797731 0 0 0 0 0.815989 0 0 0.797731 0 0 0 0 0 0 0.830642 0 0 0 0 0 0.830615 0 0 0 0 0 0 0 0 
C7H13NO              CHEMBL12196                              
0 0.83622 0 0.825 0.836766 0 0 0 0 0.83622 0 0.8333 0 0 0.825406 0 0 0 0 0.8333 0 0 0 0 0 0 0 0.825 0 0 0 0 0 0 0.823294 0 0.836766 0 0 0 0 0 0.833237 0 0 0 0.825406 0 0 0 0 0 0 0 0 0 0 0 0.833237 0 0 0 0.825 0 0 0 0.823294 0 0 0 0 0.834135 0 0 0 0 0 0 0.825 0.834135 0 
C7H8OS               CHEMBL122066         3-Methoxy-Benzenethiol
0 0.830487 0 0.8333 0 0 0 0 0 0.830487 0 0.825 0 0 0 0.827484 0 0 0 0.825 0 0 0 0 0 0 0 0.8333 0 0 0 0.826931 0 0 0.830487 0 0 0 0 0.826931 0 0 0 0 0.825 0 0 0 0 0 0 0.825 0.823294 0 0 0.827484 0 0 0 0.825 0 0 0 0 0 0 0.830487 0 0.823294 0 0 0 0 0 0 0 0.825 0 0 0 0 
C5H12N2O2            CHEMBL122202                             
0 0.823294 0.825 0.823294 0 0 0 0 0 0.823294 0 0 0 0 0.832581 0.8208 0 0 0.825 0 0 0 0 0 0 0 0 0.823294 0 0 0 0.825 0 0 0 0 0 0 0 0.825 0 0 0 0 0 0 0.832581 0 0 0 0 0 0 0.819167 0 0.8208 0 0 0 0 0 0.830487 0 0 0 0 0 0 0 0.830487 0 0 0 0 0 0 0 0.819167 0 0 0 
C6H9NO2              CHEMBL12223                              
0 0.825 0.822534 0 0 0.828779 0 0 0 0.825 0 0 0.822534 0 0 0.82623 0 0 0.822534 0 0 0 0.825451 0 0 0.830015 0 0 0.822534 0 0 0 0 0 0 0 0 0 0.825451 0 0 0 0 0 0 0.828779 0 0 0 0 0 0 0 0.829234 0 0.82623 0 0 0 0 0 0 0.822534 0 0 0.830015 0 0 0 0 0 0 0 0 0 0 0 0.829234 0.822534 0 0 
C5H8N2O2             CHEMBL122282                             
0 0.822017 0.825 0.825 0 0 0 0 0 0.822017 0 0 0 0 0.819723 0 0.829911 0 0.825 0 0 0 0.825 0 0.827886 0 0 0.825 0 0 0 0.825 0 0 0 0 0 0 0.825 0.825 0 0 0 0 0 0 0.819723 0 0 0 0 0 0 0 0 0 0.827886 0 0 0 0 0 0 0 0.829911 0 0 0 0 0 0 0.827886 0 0 0 0 0 0 0 0.827886 0 
C4H6N4O              CHEMBL122319                             
0 0.830487 0 0.822439 0.825451 0 0 0 0 0.830487 0 0 0 0 0 0.825 0.823294 0 0 0 0 0 0.818917 0.830487 0 0 0 0.822439 0 0 0 0 0.823199 0 0 0 0.825451 0 0.818917 0 0 0 0 0 0 0 0 0.830487 0.823199 0 0 0 0 0 0 0.825 0 0 0 0 0 0 0 0 0.823294 0 0 0 0 0 0 0.823294 0 0 0 0 0 0 0 0.823294 0 
C5H7NO3              CHEMBL122408                             
0 0.825 0.825 0 0 0 0 0 0 0.825 0 0 0.825 0.830851 0 0 0 0 0.825 0 0 0.825 0 0 0.822017 0 0 0 0.825 0.825 0 0 0 0 0 0 0 0.830851 0 0 0 0.823683 0 0 0 0 0 0 0 0.823683 0 0 0.819113 0.827741 0 0 0.822017 0 0 0 0 0 0 0 0 0 0 0 0.819113 0 0 0 0 0 0 0 0 0.827741 0 0 0 
C8H11N               CHEMBL122709                             
0 0.6 0 0.6 0 0 0 0 0 0.6 0 0 0 0.595379 0 0 0.598941 0 0 0 0 0 0 0.604669 0.599597 0 0.6 0.6 0 0 0 0 0 0 0 0 0 0.595379 0 0 0 0.6042 0 0 0 0 0 0.604669 0 0.6042 0 0 0 0 0 0 0.599597 0 0 0 0 0.600015 0 0 0.598941 0 0 0 0 0.600015 0 0 0 0 0.6 0 0 0 0 0 0 
C6H12N2O             CHEMBL12284                              
0 0.823294 0.823294 0.825 0 0 0 0 0 0.823294 0 0 0 0 0.825 0 0.823294 0 0.823294 0 0 0 0 0 0.825 0 0.823294 0.825 0 0 0 0 0 0 0 0 0 0 0 0 0 0.823294 0.823294 0 0 0 0.825 0 0 0.823294 0 0 0 0 0 0 0.825 0 0.823294 0 0 0 0 0 0.823294 0 0 0 0 0 0 0 0 0 0.823294 0 0 0 0 0 0 
C6H9N3               CHEMBL123017                             
0 0.825 0.823294 0.830487 0 0 0 0 0 0.825 0 0 0 0 0.823294 0 0 0 0.823294 0 0 0 0 0 0.826931 0 0 0.830487 0 0 0 0 0 0 0.823294 0.825 0 0 0 0 0 0.826931 0.825 0 0 0 0.823294 0 0 0.826931 0 0 0 0 0 0 0.826931 0 0.825 0 0 0 0 0 0 0 0.823294 0 0 0 0 0 0 0 0 0.825 0 0 0 0 0 
C6H10S3              CHEMBL123040         Allitridin          
0 0.825025 0.824939 0 0 0 0 0 0 0.825025 0 0 0.825025 0 0 0 0 0 0.824939 0 0 0 0 0 0 0 0 0 0.825025 0 0 0.82494 0 0 0 0 0 0 0 0.82494 0 0.825024 0 0 0 0 0 0 0 0.825024 0 0.825026 0 0 0 0 0 0 0 0.825026 0 0.825 0 0 0 0 0 0 0 0.825 0 0.825026 0 0 0 0 0 0 0 0.825026 0 
C7H8FN               CHEMBL12392          4-Fluorobenzylamine 
0 0.825025 0 0 0 0.824939 0.825 0 0 0.825025 0 0.825 0 0 0 0 0 0 0 0.825 0 0.825025 0 0 0 0 0 0 0 0.825025 0 0.824939 0 0 0 0.825 0 0 0 0.824939 0 0.825 0 0 0 0.824939 0 0 0 0.825 0 0 0 0 0.825 0 0 0 0 0 0 0.824939 0 0 0 0 0 0 0 0.824939 0 0 0 0 0 0.825 0 0 0 0 0 
CH2Cl3NO3S           CHEMBL124237                             
0 0.716809 0.745812 0.737512 0.750012 0 0 0 0 0.716809 0 0 0 0 0.825543 0.742212 0.889204 0 0.745812 0 0 0 0 0 0 0 0.982749 0.737512 0 0 0 0 0 0 0 0 0.750012 0 0 0 0 0 0 0 0 0 0.825543 0 0 0 0 0 0 0 0 0.742212 0 0 0 0 0 0 0 0 0.889204 0 0 0 0 0 0 0 0 0 0.982749 0 0 0 0 0 0 
C6H11O2.Na           CHEMBL12569          Sodium              
0 0.823294 0.8292 0.823294 0 0 0 0 0 0.823294 0 0 0 0 0 0 0 0 0.8292 0 0 0 0 0 0 0 0 0.823294 0 0 0 0 0.823294 0.8333 0 0 0 0 0 0 0 0 0 0 0 0 0 0 0.823294 0 0 0 0.8292 0 0 0 0 0.8333 0 0 0 0 0 0 0 0 0 0 0.8292 0 0 0.821197 0 0 0 0 0 0 0 0.821197 0 
C6H14NO.Cl           CHEMBL125756                             
0 0.825406 0.823294 0 0.854197 0.830487 0 0 0 0.825406 0 0.8292 0 0 0 0 0 0 0.823294 0.8292 0 0 0 0 0 0 0 0 0 0 0 0 0 0 0 0 0.854197 0 0 0 0 0 0 0.825 0 0.830487 0 0 0 0 0 0 0 0.825 0 0 0 0 0 0 0 0.819662 0 0 0 0 0 0.825 0 0.819662 0 0 0 0 0 0 0 0.825 0 0 0 
C6H11N3              CHEMBL12620          2-Methylhistamine   
0 0.826151 0 0 0 0 0 0 0 0.826151 0 0.826151 0 0 0 0 0 0 0 0.826151 0 0.822602 0 0 0 0 0 0 0 0.822602 0 0.826992 0 0 0.824696 0 0 0 0 0.826992 0 0.824231 0 0 0 0 0 0 0 0.824231 0 0.826101 0 0 0 0 0 0 0 0.826101 0 0.824983 0.824922 0 0 0 0.824696 0 0 0.824983 0 0 0 0 0 0 0 0 0.824922 0 0 
C4H9N3O2             CHEMBL126278         Gly-Gly-NH2         
0 0 0.823294 0.825 0 0 0 0 0.823294 0 0 0 0 0.825011 0.823294 0.819166 0 0 0.823294 0 0 0 0 0.821198 0 0 0 0.825 0 0 0 0 0 0 0 0 0 0.825011 0 0 0 0 0 0 0 0 0.823294 0.821198 0 0 0 0 0 0 0 0.819166 0 0 0 0 0 0 0 0 0 0 0 0 0 0 0 0.823294 0.823294 0 0 0 0 0 0 0.823294 0 
C5H6BrN3             CHEMBL126877                             
0 0.816711 0 0.816745 0.830487 0 0 0 0 0.816711 0 0.82435 0 0 0.820348 0 0 0 0 0.82435 0 0 0 0 0 0.816121 0 0.816745 0 0 0 0 0 0.825095 0 0.828025 0.830487 0 0 0 0 0 0 0 0 0 0.820348 0 0 0 0 0 0 0 0 0 0 0.825095 0 0 0 0 0 0 0 0.816121 0 0 0 0 0 0.825011 0 0 0 0.828025 0 0 0 0.825011 0 
C7H8ClN              CHEMBL12712          2-Chloro-Benzylamine
0 0.597477 0 0 0.603134 0.6 0 0 0 0.597477 0 0.600057 0 0 0 0.601026 0 0 0 0.600057 0 0 0 0 0 0 0 0 0 0 0 0.593353 0 0 0 0 0.603134 0 0 0.593353 0 0 0 0 0 0.6 0 0 0 0 0 0 0.597477 0 0 0.601026 0 0 0 0 0 0 0.6 0 0 0 0 0 0.597477 0 0 0.601026 0 0 0 0 0 0 0.6 0.601026 0 
C7H8FN               CHEMBL12722          3-Fluoro-Benzylamine
0 0.601026 0 0.597477 0 0 0 0 0 0.601026 0 0.597477 0 0 0 0 0.6 0 0 0.597477 0 0 0 0 0 0 0 0.597477 0 0 0 0 0 0.603134 0 0.6 0 0 0 0 0 0 0.593353 0 0 0 0 0 0 0 0 0 0.601026 0.597477 0 0 0 0.603134 0.593353 0 0 0 0 0 0.6 0 0 0 0.601026 0 0 0 0 0 0 0.6 0 0.597477 0 0 0 
C3H6ClN3O2           CHEMBL12746                              
0 0.601026 0.6 0 0 0 0.597477 0 0 0.601026 0 0 0.6 0 0.597477 0 0 0 0.6 0 0 0 0.597477 0 0 0 0 0 0.6 0 0 0 0 0 0 0 0 0 0.597477 0 0 0 0 0 0 0 0.597477 0 0 0 0 0 0 0 0.597477 0 0 0 0 0 0 0 0.601026 0 0 0 0 0 0 0 0 0.604669 0 0 0 0 0 0 0.601026 0.604669 0 
C7H8FN               CHEMBL12892          2-Fluoro-Benzylamine
0 0.597477 0 0 0.603134 0.6 0 0 0 0.597477 0 0.600057 0 0 0 0.601026 0 0 0 0.600057 0 0 0 0 0 0 0 0 0 0 0 0.593353 0 0 0 0 0.603134 0 0 0.593353 0 0 0 0 0 0.6 0 0 0 0 0 0 0.597477 0 0 0.601026 0 0 0 0 0 0 0.6 0 0 0 0 0 0.597477 0 0 0.601026 0 0 0 0 0 0 0.6 0.601026 0 
C7H8ClN              CHEMBL12957          3-Chloro-Benzylamine
0 0.825025 0 0 0 0 0 0 0 0.825025 0 0.825025 0 0 0 0 0 0 0 0.825025 0 0.825025 0 0 0 0.825 0 0 0 0.825025 0 0.824939 0 0 0 0 0 0 0 0.824939 0 0.825 0 0 0 0 0 0 0 0.825 0 0.824939 0 0 0 0 0 0 0 0.824939 0 0.825025 0.825 0 0 0.825 0 0 0 0.825025 0 0 0 0 0 0 0 0 0.825 0 0 
C4H8N2O3             CHEMBL131567                             
0 0.60013 0.60414 0 0 0.600057 0 0 0 0.60013 0 0 0 0.60351 0 0 0.597477 0 0.60414 0 0 0.596913 0 0 0.60351 0 0 0 0 0.596913 0 0.600015 0 0 0 0.60013 0 0.60351 0 0.600015 0 0 0 0 0 0.600057 0 0 0 0 0 0 0 0 0 0 0.60351 0 0 0 0 0 0 0 0.597477 0 0 0 0 0 0 0 0 0 0 0.60013 0 0 0 0 0 
C7H8ClN              CHEMBL13218          4-Chlorobenzylamine 
0 0.825025 0 0 0 0 0 0 0 0.825025 0 0.825 0 0 0 0 0 0 0 0.825 0 0.824939 0 0 0 0.825025 0 0 0 0.824939 0 0.825 0 0 0 0 0 0 0 0.825 0 0.824938 0 0 0 0 0 0 0 0.824938 0 0.825025 0 0.825 0 0 0 0 0 0.825025 0 0.825 0 0 0 0.825025 0 0 0 0.825 0 0 0 0 0 0 0 0.825 0 0 0 
C5H11NO2S            CHEMBL13239          Dl-Penicillamine    
0 0.825025 0 0 0 0 0.824939 0.827474 0.833534 0.825025 0 0.825025 0.824999 0 0 0 0 0 0 0.825025 0 0 0.825026 0.825001 0 0 0 0 0.824999 0 0 0 0 0 0 0 0 0 0.825026 0 0 0 0 0 0 0 0 0.825001 0 0 0 0 0 0 0.824939 0 0 0 0 0 0 0 0 0.827474 0 0 0 0 0 0 0 0 0.833534 0 0 0 0 0 0 0 0 
C4H10N2O3            CHEMBL1334           N-Nitrosodoethanolamine
0 0.6 0.60385 0 0 0 0 0 0 0.6 0 0 0.597477 0.593849 0 0 0 0 0.60385 0 0 0 0 0 0 0 0 0 0.597477 0 0 0 0 0 0 0.606764 0 0.593849 0 0 0 0 0 0.601026 0 0 0 0 0 0 0 0 0 0.601027 0 0 0 0 0 0 0 0.604669 0 0 0 0 0 0.601026 0 0.604669 0 0 0 0 0 0.606764 0 0.601027 0 0 0 
C8H11N               CHEMBL1338           Benzyl-Methyl-Ammonium
0 0.825 0.825025 0 0 0 0 0 0 0.825 0 0 0 0 0 0 0 0 0.825025 0 0 0.825 0 0 0 0 0 0 0 0.825 0 0.825025 0 0 0 0.825025 0 0 0 0.825025 0 0.825 0 0 0 0 0 0 0 0.825 0 0.825025 0 0 0 0 0 0 0 0.825025 0 0.825025 0 0 0 0 0 0 0 0.825025 0 0.825 0 0 0 0.825025 0 0 0 0.825 0 
C4H5N3O2             CHEMBL134454                             
0 0.60879 0.592927 0 0.604798 0 0 0 0 0.60879 0 0 0 0 0 0.598174 0.611479 0 0.592927 0 0 0 0 0.592927 0 0 0 0 0 0 0 0.6 0.604798 0 0 0 0.604798 0 0 0.6 0 0 0 0 0 0 0 0.592927 0.604798 0 0 0 0 0.600807 0 0.598174 0 0 0 0 0 0 0 0 0.611479 0 0 0 0 0 0 0 0 0 0 0 0 0.600807 0 0 0 
C7H9NO               CHEMBL134480                             
0 0 0.6 0.604669 0.595982 0 0 0 0 0 0 0.604669 0 0 0.593849 0 0 0 0.6 0.604669 0 0 0 0 0 0.601027 0 0.604669 0 0 0 0 0 0.593849 0 0.6 0.595982 0 0 0 0 0 0 0 0 0 0.593849 0 0 0 0 0.6 0 0 0 0 0 0.593849 0 0.6 0 0 0 0 0 0.601027 0 0 0 0 0 0 0 0 0 0.6 0 0 0 0 0 
C7H18NO              CHEMBL134914                             
0 0.829627 0.832581 0.823294 0.820842 0 0 0 0 0.829627 0 0 0 0 0 0.824844 0 0 0.832581 0 0 0 0 0 0 0 0 0.823294 0 0 0 0 0 0 0 0 0.820842 0 0 0 0 0 0 0 0 0 0 0 0 0 0 0.82387 0.820767 0 0 0.824844 0 0 0 0.82387 0 0 0 0 0 0 0 0 0.820767 0 0 0.825406 0 0 0 0 0 0 0 0.825406 0 
C7H7NO               CHEMBL135583         Benzaldehyde        
0 0.83171 0.822916 0 0 0 0 0 0 0.83171 0 0 0.833854 0 0 0 0 0 0.822916 0 0 0 0 0 0 0 0 0 0.833854 0 0 0.829627 0.823449 0 0 0 0 0 0 0.829627 0 0 0.833854 0 0 0 0 0 0.823449 0 0 0 0.830015 0 0 0 0 0 0.833854 0 0 0 0.822534 0 0 0 0 0 0.830015 0 0 0.825451 0 0 0 0 0 0 0.822534 0.825451 0 
C6H9N3               CHEMBL13559          VUF-5296            
0 0.82623 0.832541 0.818249 0 0 0 0 0 0.82623 0 0.818249 0 0 0 0 0 0 0.832541 0.818249 0 0 0 0 0 0 0.827741 0.818249 0 0 0 0 0.825379 0 0.822534 0 0 0 0 0 0 0 0.822344 0.825095 0 0 0 0 0.825379 0 0 0.830004 0 0 0 0 0 0 0.822344 0.830004 0 0 0 0 0 0 0.822534 0.825095 0 0 0 0 0 0 0.827741 0 0 0 0 0 0 
C7H15NO              CHEMBL135975         Heptan-3-one        
0 0.823294 0.825 0 0 0 0 0 0 0.823294 0 0 0.825 0.830487 0 0 0 0 0.825 0 0 0 0 0 0 0 0 0 0.825 0 0 0 0 0 0.823293 0 0 0.830487 0 0 0 0.8292 0 0 0 0 0 0 0 0.8292 0 0.823294 0 0 0 0 0 0 0 0.823294 0 0 0.8333 0 0 0 0.823293 0 0 0 0 0 0 0 0 0 0 0 0.8333 0 0 
C5H9NO2S             CHEMBL136143                             
0 0.823294 0 0.825196 0 0.82883 0 0 0 0.823294 0 0 0 0.830487 0 0.825 0 0 0 0 0 0 0 0.825852 0 0 0.825609 0.825196 0 0 0 0 0 0 0.787775 0.827065 0 0.830487 0 0 0 0 0 0 0 0.82883 0 0.825852 0 0 0 0 0 0 0 0.825 0 0 0 0 0 0 0 0 0 0 0.787775 0 0 0 0 0 0 0 0.825609 0.827065 0 0 0 0 0 
C7H13NO              CHEMBL136211         omega-oenantholactam
0 0.825 0.827236 0 0.827886 0 0 0 0 0.825 0 0 0.822017 0 0 0 0 0 0.827236 0 0 0 0 0 0 0 0 0 0.822017 0 0 0 0.825 0 0 0 0.827886 0 0 0 0 0 0.825 0 0 0 0 0 0.825 0 0 0 0.819113 0 0 0 0 0 0.825 0 0 0 0.825002 0 0 0 0 0 0.819113 0 0 0.825 0 0 0 0 0 0 0.825002 0.825 0 
C5H9NO3              CHEMBL136533                             
0 0.823294 0 0.825196 0 0.82883 0 0 0 0.823294 0 0 0 0.830487 0 0.825 0 0 0 0 0 0 0 0.825852 0 0 0.825609 0.825196 0 0 0 0 0 0 0.787775 0.827065 0 0.830487 0 0 0 0 0 0 0 0.82883 0 0.825852 0 0 0 0 0 0 0 0.825 0 0 0 0 0 0 0 0 0 0 0.787775 0 0 0 0 0 0 0 0.825609 0.827065 0 0 0 0 0 
C7H18NS              CHEMBL136568                             
0 0 0.829627 0.823294 0.820811 0.829034 0 0 0 0 0 0 0 0 0 0.820348 0.828025 0 0.829627 0 0 0 0 0 0.828409 0 0 0.823294 0 0 0 0 0 0 0 0 0.820811 0 0 0 0 0 0 0 0 0.829034 0 0 0 0 0 0 0 0 0 0.820348 0.828409 0 0 0 0 0 0 0 0.828025 0 0 0 0 0 0 0.821783 0 0 0 0 0 0 0 0.821783 0 
C7H8O2               CHEMBL13766          2-Methoxyphenol     
0 0.825 0 0 0 0 0 0 0 0.825 0 0.825025 0 0 0 0 0 0 0 0.825025 0 0.825 0 0 0 0.824939 0 0 0 0.825 0 0.824938 0 0 0 0 0 0 0 0.824938 0 0.825025 0 0 0 0 0 0 0 0.825025 0 0.825 0 0 0 0 0 0 0 0.825 0 0.825025 0 0 0 0.824939 0 0 0 0.825025 0 0.825 0 0 0 0 0 0 0 0.825 0 
C7H15NO              CHEMBL137723         Heptan-2-one        
0 0.823294 0.825 0 0 0 0 0 0 0.823294 0 0 0.830487 0.825 0 0 0 0 0.825 0 0 0 0 0 0 0 0 0 0.830487 0 0 0 0.8292 0 0 0 0 0.825 0 0 0 0 0 0 0 0 0 0 0.8292 0 0 0 0.823294 0 0 0 0 0 0 0 0 0.8333 0.823294 0 0 0 0 0 0.823294 0.8333 0 0 0 0 0 0 0 0 0.823294 0 0 
C7H15NO              CHEMBL137790         Heptanal            
0 0.823293 0.825 0 0 0 0 0 0 0.823293 0 0 0.825 0 0 0 0 0 0.825 0 0 0 0 0 0 0 0 0 0.825 0 0 0.823294 0 0 0 0 0 0 0 0.823294 0 0 0 0.8333 0 0 0 0 0 0 0 0.8292 0 0.823294 0 0 0 0 0 0.8292 0 0.823294 0 0 0 0 0 0.8333 0 0.823294 0 0 0 0 0 0 0 0.823294 0 0 0 
C6H9N3               CHEMBL13795          VUF-5297            
0 0.82623 0.832541 0.818249 0 0 0 0 0 0.82623 0 0.818249 0 0 0 0 0 0 0.832541 0.818249 0 0 0 0 0 0 0.827741 0.818249 0 0 0 0 0.825379 0 0.822534 0 0 0 0 0 0 0 0.822344 0.825095 0 0 0 0 0.825379 0 0 0.830004 0 0 0 0 0 0 0.822344 0.830004 0 0 0 0 0 0 0.822534 0.825095 0 0 0 0 0 0 0.827741 0 0 0 0 0 0 
C7H8BrN              CHEMBL138621         4-Bromobenzylamine  
0 0 0.826931 0 0.823294 0.825 0 0 0 0 0 0 0 0 0 0.825 0.823294 0.825406 0.826931 0 0 0 0 0 0 0 0 0 0 0 0 0 0 0 0 0.826396 0.823294 0 0 0 0 0 0.823294 0 0 0.825 0 0 0 0 0 0 0.823294 0 0 0.825 0 0 0.823294 0 0 0 0 0 0.823294 0 0 0 0.823294 0 0 0 0 0.825406 0 0.826396 0 0 0 0 0 
C7H8BrN              CHEMBL139288         (3-Bromophenyl)Methanamine
0 0.823294 0 0.823294 0 0 0 0 0 0.823294 0 0.823294 0 0 0 0 0.825 0 0 0.823294 0 0 0 0 0 0 0 0.823294 0 0 0 0 0 0.825406 0 0.825 0 0 0 0 0 0 0.826396 0 0 0 0 0 0 0 0 0 0.823294 0.823294 0 0 0 0.825406 0.826396 0 0 0 0 0 0.825 0 0 0 0.823294 0 0 0 0 0 0 0.825 0 0.823294 0 0 0 
C5H12N2O2            CHEMBL139503                             
0 0.6 0.597477 0.601026 0 0 0 0 0 0.6 0 0 0 0 0 0.601026 0.597477 0 0.597477 0 0 0 0 0 0 0 0 0.601026 0 0 0 0 0 0 0 0 0 0 0 0 0 0 0.597477 0 0 0 0 0 0 0 0 0 0 0.597477 0 0.601026 0 0 0.597477 0 0 0 0 0 0.597477 0 0 0 0 0 0 0.601026 0 0 0 0 0 0.597477 0 0.601026 0 
C7H14N2              CHEMBL139751         Pentylamino-Acetonitrile
0 0.8208 0 0 0 0 0 0 0 0.8208 0 0 0.8292 0 0 0 0 0 0 0 0 0.830487 0.823294 0 0 0 0 0 0.8292 0.830487 0 0 0 0 0 0 0 0 0.823294 0 0 0.8292 0 0 0 0 0 0 0 0.8292 0 0 0.823294 0 0 0 0 0 0 0 0 0.825 0.823294 0 0 0 0 0 0.823294 0.825 0 0 0 0 0 0 0 0 0.823294 0 0 
C5H11NO2S            CHEMBL140149                             
0 0.823294 0.825 0.823294 0 0 0 0 0 0.823294 0 0 0 0 0 0 0 0 0.825 0 0 0 0 0 0.830487 0 0 0.823294 0 0 0 0 0 0 0 0 0 0 0 0 0 0 0 0 0.830487 0 0 0 0 0 0 0 0.830487 0 0 0 0.830487 0 0 0 0 0.825 0 0 0 0 0 0 0.830487 0.825 0 0.816121 0 0 0 0 0.830487 0 0 0.816121 0 
C8H18N               CHEMBL140403                             
0 0 0 0.827483 0.816742 0.834641 0.823294 0 0 0 0 0.829627 0 0 0 0 0.822822 0 0 0.829627 0 0 0 0 0 0 0 0.827483 0 0 0 0 0 0 0 0.820767 0.816742 0 0 0 0 0 0 0 0 0.834641 0 0 0 0 0 0 0 0 0.823294 0 0 0 0 0 0 0 0 0 0.822822 0 0 0 0 0 0 0.821783 0 0 0 0.820767 0 0 0 0.821783 0 
C7H10ClN             CHEMBL14186          Benzyl-Ammonium     
0 0 0.595379 0 0 0 0 0 0 0 0 0 0 0 0 0 0 0 0.595379 0 0 0.601026 0 0 0 0 0 0 0 0.601026 0 0.593849 0.6 0 0 0 0 0 0 0.593849 0 0 0.597477 0 0 0 0 0 0.6 0 0 0 0.593849 0 0 0 0 0 0.597477 0 0 0 0.6 0 0 0 0 0 0.593849 0 0 0.597477 0 0 0 0 0 0 0.6 0.597477 0 
C7H6O2               CHEMBL14193          Para-Hydroxybenzaldehyde
0 0.825025 0.825 0 0 0 0 0 0 0.825025 0 0 0 0 0 0 0 0 0.825 0 0 0.824939 0 0 0 0.825025 0 0 0 0.824939 0 0.825 0 0 0 0 0 0 0 0.825 0 0.824939 0 0 0 0 0 0 0 0.824939 0 0.825025 0 0.825 0 0 0 0 0 0.825025 0 0.825 0 0 0 0.825025 0 0 0 0.825 0 0 0 0 0 0 0 0.825 0 0 0 
C6H9NO2              CHEMBL142257                             
0 0.830484 0.819606 0.832635 0 0 0 0 0 0.830484 0 0 0 0.822439 0 0.822647 0 0 0.819606 0 0 0 0 0.8208 0 0 0 0.832635 0 0 0 0 0 0 0.821049 0 0 0.822439 0 0 0 0 0 0 0 0 0 0.8208 0 0 0 0 0.823515 0 0 0.822647 0 0 0 0 0 0 0 0 0 0 0.821049 0 0.823515 0 0 0.827511 0 0 0 0 0 0 0 0.827511 0 
C7H16OSi             CHEMBL142371                             
0 0.832066 0.827484 0 0 0 0 0 0 0.832066 0 0 0 0.816121 0.825 0 0 0 0.827484 0 0 0.823294 0 0 0 0 0 0 0 0.823294 0 0 0 0.823294 0.825 0.819723 0 0.816121 0 0 0 0 0 0 0 0 0.825 0 0 0 0 0 0 0 0 0 0 0.823294 0 0 0 0 0 0 0 0 0.825 0 0 0 0 0 0 0 0 0.819723 0 0 0 0 0 
C5H8O4               CHEMBL142442                             
